120.50 128.50
121.00 128.00
121.00 127.50
121.50 127.00
122.00 126.50
122.00 126.00
122.50 125.50
123.00 125.00
123.50 125.00
124.00 125.00
124.50 125.00
125.00 125.00
125.50 125.00
126.00 125.00
126.50 125.50
127.00 125.50
127.50 126.00
128.00 126.50
128.50 127.00
129.00 127.50
129.00 128.00
129.50 128.50
129.50 129.00
129.50 129.50
129.50 130.00
129.50 130.50
129.50 131.00
129.50 131.50
129.50 132.00
129.00 132.50
128.50 133.00
128.00 133.50
127.50 133.50
127.00 134.00
126.50 134.00
126.00 134.00
125.50 134.00
125.00 134.00
124.50 133.50
124.00 133.50
123.50 133.50
123.00 133.50
122.50 133.00
122.00 132.50
121.50 132.50
121.00 132.00
120.50 131.50
121.00 131.00
121.50 130.50
122.00 130.50
122.00 130.00
121.50 129.50
121.00 129.00
