143.00 142.50
142.50 142.50
142.00 143.00
141.50 143.00
141.00 143.00
140.50 143.00
140.00 143.50
139.50 143.50
139.00 143.50
138.50 144.00
138.00 144.00
137.50 144.00
137.00 144.00
136.50 144.50
136.00 144.50
135.50 144.50
135.00 144.50
134.50 144.50
134.00 144.50
133.50 145.00
133.00 145.00
132.50 145.00
132.00 145.00
131.50 145.00
131.00 145.00
130.50 145.00
130.00 145.00
129.50 145.00
129.00 145.50
128.50 145.50
128.00 145.50
127.50 145.50
127.00 145.50
126.50 145.00
126.00 145.00
125.50 145.00
125.00 145.00
124.50 145.00
124.00 145.00
123.50 144.50
123.00 144.50
122.50 144.50
122.00 144.50
121.50 144.00
121.00 143.50
120.50 143.50
120.00 143.00
119.50 142.50
119.00 142.00
118.50 141.50
118.00 141.00
117.50 140.50
117.00 140.00
117.00 139.50
116.50 139.00
116.00 138.50
116.00 138.00
115.50 137.50
115.50 137.00
115.00 136.50
114.50 136.00
114.50 135.50
114.50 135.00
114.00 134.50
113.50 134.00
113.00 133.50
113.00 133.00
113.00 132.50
113.00 132.00
113.00 131.50
113.00 131.00
113.00 130.50
113.00 130.00
113.00 129.50
113.00 129.00
113.00 128.50
113.00 128.00
113.00 127.50
113.00 127.00
113.00 126.50
113.00 126.00
113.00 125.50
113.00 125.00
113.00 124.50
113.50 124.00
113.50 123.50
113.50 123.00
113.50 122.50
113.50 122.00
113.50 121.50
113.50 121.00
113.50 120.50
114.00 120.00
114.00 119.50
114.00 119.00
114.00 118.50
114.50 118.00
114.50 117.50
114.50 117.00
115.00 116.50
115.00 116.00
115.00 115.50
115.50 115.00
115.50 114.50
116.00 114.00
116.50 113.50
117.00 113.00
117.50 112.50
118.00 112.00
118.50 111.50
119.00 111.50
119.50 111.00
120.00 110.50
120.50 110.00
121.00 109.50
121.50 109.00
122.00 109.00
122.50 108.50
123.00 108.00
123.50 107.50
124.00 107.50
124.50 107.50
125.00 107.00
125.50 106.50
126.00 106.50
126.50 106.50
127.00 106.00
127.50 106.00
128.00 105.50
128.50 105.50
129.00 105.50
129.50 105.50
130.00 105.00
130.50 105.00
131.00 105.00
131.50 105.00
132.00 105.00
132.50 105.00
133.00 105.00
133.50 105.00
134.00 104.50
134.50 104.50
135.00 104.50
135.50 104.50
136.00 105.00
136.50 105.00
137.00 105.00
137.50 105.00
138.00 105.00
138.50 105.00
139.00 105.00
139.50 105.00
140.00 105.00
140.50 105.00
141.00 105.00
141.50 105.00
142.00 105.00
142.50 105.50
143.00 105.50
143.50 106.00
144.00 106.50
144.50 106.50
145.00 107.00
145.50 107.00
146.00 107.50
146.50 107.50
147.00 108.00
147.50 108.50
148.00 108.00
148.50 108.50
148.50 109.00
149.00 109.50
149.50 110.00
149.50 110.50
150.00 111.00
150.50 111.50
150.50 112.00
151.00 112.50
151.50 113.00
151.50 113.50
152.00 114.00
152.50 114.50
152.50 115.00
153.00 115.50
153.00 116.00
153.50 116.50
153.50 117.00
154.00 117.50
154.00 118.00
154.50 118.50
154.50 119.00
155.00 119.50
155.00 120.00
155.00 120.50
155.50 121.00
155.50 121.50
155.50 122.00
155.50 122.50
156.00 123.00
156.00 123.50
156.00 124.00
156.00 124.50
156.00 125.00
156.00 125.50
156.00 126.00
156.00 126.50
156.00 127.00
156.00 127.50
156.00 128.00
156.00 128.50
156.00 129.00
156.00 129.50
155.50 130.00
155.50 130.50
155.50 131.00
155.50 131.50
155.50 132.00
155.00 132.50
155.00 133.00
154.50 133.50
154.50 134.00
154.50 134.50
154.00 135.00
153.50 135.50
153.50 136.00
153.00 136.50
153.00 137.00
152.50 137.50
152.00 138.00
151.50 138.50
151.00 139.00
150.50 139.50
150.00 139.50
149.50 140.00
149.00 140.50
148.50 140.50
148.00 141.00
147.50 141.00
147.00 141.50
146.50 141.50
146.00 142.00
145.50 142.00
145.00 142.00
144.50 142.50
144.00 142.50
143.50 142.50
