124.50 103.50
125.00 103.50
125.50 103.00
126.00 103.00
126.50 103.00
127.00 102.50
127.50 102.50
128.00 102.50
128.50 102.00
129.00 102.00
129.50 102.00
130.00 102.00
130.50 102.00
131.00 102.00
131.50 102.00
132.00 102.00
132.50 102.00
133.00 102.00
133.50 102.00
134.00 102.00
134.50 102.00
135.00 102.00
135.50 102.00
136.00 102.00
136.50 102.50
137.00 102.50
137.50 102.50
138.00 102.50
138.50 102.50
139.00 103.00
139.50 103.00
140.00 103.00
140.50 103.50
141.00 103.50
141.50 104.00
142.00 104.00
142.50 104.00
143.00 104.50
143.50 104.50
144.00 105.00
144.50 105.50
145.00 105.50
145.50 106.00
146.00 106.50
146.50 107.00
147.00 107.50
147.50 108.00
148.00 108.50
148.50 109.00
149.00 109.50
149.00 110.00
149.50 110.50
150.00 111.00
150.50 111.50
150.50 112.00
150.50 112.50
151.00 113.00
151.00 113.50
151.00 114.00
151.50 114.50
151.50 115.00
151.50 115.50
152.00 116.00
152.00 116.50
152.00 117.00
152.00 117.50
152.50 118.00
152.50 118.50
152.50 119.00
152.50 119.50
152.50 120.00
152.50 120.50
152.50 121.00
152.50 121.50
152.50 122.00
152.50 122.50
152.50 123.00
152.00 123.50
152.00 124.00
152.00 124.50
152.00 125.00
152.00 125.50
152.00 126.00
151.50 126.50
151.50 127.00
151.50 127.50
151.50 128.00
151.00 128.50
151.00 129.00
151.00 129.50
151.00 130.00
150.50 130.50
150.50 131.00
150.50 131.50
150.00 132.00
150.00 132.50
149.50 133.00
149.50 133.50
149.50 134.00
149.00 134.50
148.50 135.00
148.50 135.50
148.00 136.00
148.00 136.50
147.50 137.00
147.00 137.50
146.50 138.00
146.00 138.50
145.50 139.00
145.00 139.50
144.50 140.00
144.00 140.00
143.50 140.50
143.00 141.00
142.50 141.00
142.00 141.00
141.50 141.50
141.00 142.00
140.50 142.00
140.00 142.50
139.50 142.50
139.00 142.50
138.50 143.00
138.00 143.00
137.50 143.00
137.00 143.00
136.50 143.00
136.00 143.50
135.50 143.50
135.00 143.50
134.50 143.50
134.00 143.50
133.50 143.50
133.00 143.50
132.50 143.50
132.00 143.50
131.50 143.50
131.00 143.50
130.50 143.50
130.00 143.50
129.50 143.00
129.00 143.00
128.50 143.00
128.00 143.00
127.50 142.50
127.00 142.50
126.50 142.50
126.00 142.00
125.50 142.00
125.00 141.50
124.50 141.50
124.00 141.50
123.50 141.00
123.00 141.00
122.50 140.50
122.00 140.50
121.50 140.00
121.00 140.00
120.50 139.50
120.00 139.00
119.50 139.00
119.00 138.50
118.50 138.00
118.00 137.50
117.50 137.50
117.00 137.00
116.50 136.50
116.00 136.00
115.50 135.50
115.00 135.00
114.50 134.50
114.00 134.00
113.50 133.50
113.00 133.00
112.50 132.50
112.50 132.00
112.00 131.50
112.00 131.00
111.50 130.50
111.00 130.00
111.00 129.50
111.00 129.00
110.50 128.50
110.50 128.00
110.00 127.50
110.00 127.00
110.00 126.50
110.00 126.00
109.50 125.50
109.50 125.00
109.50 124.50
109.50 124.00
109.50 123.50
109.50 123.00
109.50 122.50
109.50 122.00
109.50 121.50
109.50 121.00
109.50 120.50
109.50 120.00
109.50 119.50
109.50 119.00
109.50 118.50
110.00 118.00
110.50 117.50
110.50 117.00
110.50 116.50
111.00 116.00
111.00 115.50
111.50 115.00
111.50 114.50
111.50 114.00
112.00 113.50
112.50 113.00
112.50 112.50
112.50 112.00
113.00 111.50
113.50 111.00
114.00 110.50
114.00 110.00
114.50 109.50
115.00 109.00
115.50 108.50
116.00 108.00
116.50 108.00
117.00 107.50
117.50 107.00
118.00 107.00
118.50 106.50
119.00 106.00
119.50 106.00
120.00 105.50
120.50 105.50
121.00 105.00
121.50 105.00
122.00 105.00
122.50 104.50
123.00 104.50
123.50 104.00
124.00 104.00
