130.00 145.00
129.50 145.00
129.00 144.50
128.50 144.50
128.00 144.50
127.50 144.50
127.00 144.00
126.50 144.00
126.00 143.50
125.50 143.50
125.00 143.00
124.50 143.00
124.00 142.50
123.50 142.50
123.00 142.00
122.50 141.50
122.00 141.00
121.50 140.50
121.00 140.00
120.50 139.50
120.00 139.00
119.50 138.50
119.50 138.00
119.00 137.50
119.00 137.00
118.50 136.50
118.50 136.00
118.00 135.50
118.00 135.00
118.00 134.50
117.50 134.00
117.50 133.50
117.50 133.00
117.00 132.50
117.00 132.00
117.00 131.50
117.00 131.00
116.50 130.50
116.50 130.00
116.50 129.50
116.50 129.00
116.50 128.50
116.50 128.00
116.50 127.50
116.50 127.00
116.00 126.50
116.00 126.00
116.00 125.50
116.00 125.00
116.00 124.50
116.00 124.00
116.00 123.50
116.00 123.00
116.00 122.50
116.00 122.00
116.50 121.50
116.50 121.00
116.50 120.50
116.50 120.00
116.50 119.50
117.00 119.00
117.00 118.50
117.00 118.00
117.00 117.50
117.50 117.00
118.00 116.50
118.00 116.00
118.00 115.50
118.50 115.00
119.00 114.50
119.00 114.00
119.50 113.50
120.00 113.00
120.50 112.50
121.00 112.00
121.50 111.50
122.00 111.00
122.50 110.50
123.00 110.00
123.50 110.00
124.00 109.50
124.50 109.00
125.00 109.00
125.50 109.00
126.00 108.50
126.50 108.50
127.00 108.00
127.50 108.00
128.00 108.00
128.50 108.00
129.00 108.00
129.50 108.00
130.00 108.00
130.50 108.00
131.00 108.00
131.50 108.00
132.00 108.00
132.50 108.00
133.00 108.00
133.50 108.00
134.00 108.50
134.50 108.50
135.00 108.50
135.50 109.00
136.00 109.00
136.50 109.00
137.00 109.00
137.50 109.50
138.00 109.50
138.50 109.50
139.00 110.00
139.50 110.50
140.00 110.50
140.50 111.00
141.00 111.00
141.50 111.50
142.00 111.50
142.50 111.50
143.00 112.00
143.50 112.50
144.00 112.50
144.50 113.00
145.00 113.50
145.50 114.00
146.00 114.50
146.50 114.50
147.00 115.00
147.00 115.50
147.50 116.00
148.00 116.50
148.50 117.00
149.00 117.50
149.00 118.00
149.50 118.50
149.50 119.00
150.00 119.50
150.00 120.00
150.50 120.50
150.50 121.00
151.00 121.50
151.00 122.00
151.00 122.50
151.50 123.00
151.50 123.50
151.50 124.00
151.50 124.50
152.00 125.00
152.00 125.50
152.00 126.00
152.00 126.50
152.00 127.00
152.00 127.50
152.00 128.00
152.00 128.50
152.00 129.00
152.00 129.50
152.00 130.00
152.00 130.50
151.50 131.00
151.50 131.50
151.50 132.00
151.50 132.50
151.00 133.00
151.00 133.50
151.00 134.00
150.50 134.50
150.50 135.00
150.00 135.50
150.00 136.00
149.50 136.50
149.00 137.00
148.50 137.50
148.00 138.00
147.50 138.50
147.00 139.00
146.50 139.50
146.00 140.00
145.50 140.50
145.00 141.00
144.50 141.50
144.00 142.00
143.50 142.00
143.00 142.00
142.50 142.50
142.00 143.00
141.50 143.00
141.00 143.00
140.50 143.50
140.00 143.50
139.50 144.00
139.00 144.00
138.50 144.00
138.00 144.50
137.50 144.50
137.00 144.50
136.50 145.00
136.00 145.00
135.50 145.00
135.00 145.00
134.50 145.00
134.00 145.00
133.50 145.00
133.00 145.00
132.50 145.00
132.00 145.00
131.50 145.00
131.00 145.00
130.50 145.00
