132.00 139.00
131.50 138.50
131.50 138.00
131.00 137.50
131.00 137.00
131.00 136.50
130.50 136.00
130.50 135.50
130.00 135.00
130.00 134.50
130.00 134.00
130.00 133.50
130.00 133.00
130.00 132.50
130.00 132.00
130.00 131.50
130.00 131.00
130.00 130.50
130.50 130.00
130.50 129.50
130.50 129.00
131.00 128.50
131.50 128.00
132.00 127.50
132.50 127.50
133.00 127.00
133.50 126.50
134.00 126.50
134.50 126.50
135.00 126.00
135.50 126.50
136.00 127.00
136.50 127.50
137.00 127.50
137.50 128.00
138.00 128.50
138.00 129.00
138.50 129.50
139.00 130.00
139.50 130.50
139.50 131.00
140.00 131.50
140.00 132.00
140.50 132.50
140.50 133.00
140.50 133.50
140.50 134.00
140.50 134.50
140.50 135.00
140.50 135.50
140.50 136.00
140.50 136.50
140.00 137.00
140.00 137.50
140.00 138.00
139.50 138.50
139.00 139.00
139.00 139.50
138.50 140.00
138.00 140.00
137.50 140.50
137.00 140.50
136.50 141.00
136.00 141.00
135.50 141.00
135.00 141.00
134.50 141.00
134.00 140.50
133.50 140.50
133.00 140.50
132.50 140.00
132.00 139.50
