138.00 162.00
137.50 162.00
137.00 162.00
136.50 161.50
136.00 161.50
135.50 161.50
135.00 161.50
134.50 161.50
134.00 161.50
133.50 161.00
133.00 161.00
132.50 161.00
132.00 161.00
131.50 161.00
131.00 160.50
130.50 160.50
130.00 160.50
129.50 160.50
129.00 160.00
128.50 160.00
128.00 160.00
127.50 159.50
127.00 159.50
126.50 159.50
126.00 159.00
125.50 159.00
125.00 158.50
124.50 158.50
124.00 158.00
123.50 158.00
123.00 157.50
122.50 157.00
122.00 157.00
121.50 156.50
121.00 156.00
120.50 155.50
120.00 155.00
119.50 154.50
119.00 154.00
118.50 153.50
118.50 153.00
118.00 152.50
117.50 152.00
117.00 151.50
117.00 151.00
116.50 150.50
116.50 150.00
116.00 149.50
116.00 149.00
115.50 148.50
115.50 148.00
115.00 147.50
115.00 147.00
114.50 146.50
114.50 146.00
114.00 145.50
114.00 145.00
114.00 144.50
113.50 144.00
113.50 143.50
113.00 143.00
113.00 142.50
112.50 142.00
112.50 141.50
112.50 141.00
112.50 140.50
112.50 140.00
112.00 139.50
112.00 139.00
112.00 138.50
112.00 138.00
112.00 137.50
112.00 137.00
112.00 136.50
112.00 136.00
112.00 135.50
112.50 135.00
112.50 134.50
112.50 134.00
112.50 133.50
113.00 133.00
113.00 132.50
113.00 132.00
113.50 131.50
113.50 131.00
114.00 130.50
114.00 130.00
114.50 129.50
115.00 129.00
115.50 128.50
115.50 128.00
116.00 127.50
116.50 127.00
117.00 126.50
117.50 126.00
118.00 125.50
118.50 125.00
119.00 125.00
119.50 124.50
120.00 124.00
120.50 124.00
121.00 123.50
121.50 123.50
122.00 123.00
122.50 123.00
123.00 123.00
123.50 122.50
124.00 122.50
124.50 122.50
125.00 122.00
125.50 122.00
126.00 122.00
126.50 121.50
127.00 121.50
127.50 121.50
128.00 121.50
128.50 121.50
129.00 121.50
129.50 121.50
130.00 121.50
130.50 121.50
131.00 121.50
131.50 121.50
132.00 121.50
132.50 121.50
133.00 121.50
133.50 121.50
134.00 121.50
134.50 122.00
135.00 122.00
135.50 122.00
136.00 122.00
136.50 122.50
137.00 122.50
137.50 122.50
138.00 123.00
138.50 123.00
139.00 123.00
139.50 123.50
140.00 124.00
140.50 124.00
141.00 124.50
141.50 124.50
142.00 124.50
142.50 125.00
143.00 125.50
143.50 125.50
144.00 126.00
144.50 126.50
145.00 127.00
145.50 127.00
146.00 127.50
146.50 128.00
146.50 128.50
147.00 129.00
147.50 129.50
148.00 130.00
148.00 130.50
148.50 131.00
148.50 131.50
149.00 132.00
149.00 132.50
149.50 133.00
149.50 133.50
150.00 134.00
150.00 134.50
150.50 135.00
150.50 135.50
150.50 136.00
151.00 136.50
151.00 137.00
151.00 137.50
151.00 138.00
151.00 138.50
151.00 139.00
151.50 139.50
151.50 140.00
151.50 140.50
151.50 141.00
151.50 141.50
151.50 142.00
151.50 142.50
151.50 143.00
151.50 143.50
151.50 144.00
151.00 144.50
151.00 145.00
151.00 145.50
151.00 146.00
151.00 146.50
151.00 147.00
150.50 147.50
150.50 148.00
150.00 148.50
150.00 149.00
150.00 149.50
149.50 150.00
149.50 150.50
149.50 151.00
149.00 151.50
149.00 152.00
148.50 152.50
148.50 153.00
148.00 153.50
148.00 154.00
148.00 154.50
147.50 155.00
147.00 155.50
146.50 156.00
146.50 156.50
146.00 157.00
145.50 157.50
145.00 158.00
144.50 158.50
144.00 159.00
143.50 159.50
143.00 160.00
142.50 160.50
142.00 161.00
141.50 161.00
141.00 161.00
140.50 161.50
140.00 161.50
139.50 162.00
139.00 162.00
138.50 162.00
