144.00 125.00
143.50 125.50
143.50 126.00
143.00 126.50
143.00 127.00
142.50 127.50
142.50 128.00
142.50 128.50
142.00 129.00
141.50 129.50
141.00 130.00
140.50 130.50
140.50 131.00
140.00 131.50
139.50 132.00
139.50 132.50
139.00 133.00
138.50 133.50
138.00 133.50
137.50 134.00
137.50 134.50
137.00 135.00
136.50 135.00
136.00 135.50
135.50 136.00
135.00 136.00
134.50 136.50
134.00 136.50
133.50 137.00
133.00 137.00
132.50 137.50
132.00 137.50
131.50 137.50
131.00 138.00
130.50 138.00
130.00 138.00
129.50 138.00
129.00 138.50
128.50 138.50
128.00 138.50
127.50 138.50
127.00 138.50
126.50 138.50
126.00 138.50
125.50 138.50
125.00 138.50
124.50 138.50
124.00 138.50
123.50 138.50
123.00 138.50
122.50 138.50
122.00 138.00
121.50 138.00
121.00 138.00
120.50 137.50
120.00 137.50
119.50 137.50
119.00 137.00
118.50 136.50
118.00 136.50
117.50 136.00
117.00 136.00
116.50 135.50
116.00 135.00
115.50 134.50
115.00 134.00
114.50 133.50
114.00 133.00
114.00 132.50
113.50 132.00
113.00 131.50
113.00 131.00
112.50 130.50
112.50 130.00
112.50 129.50
112.00 129.00
112.00 128.50
112.00 128.00
112.00 127.50
112.00 127.00
112.00 126.50
112.00 126.00
112.00 125.50
112.00 125.00
112.00 124.50
112.00 124.00
112.00 123.50
112.50 123.00
112.50 122.50
112.50 122.00
113.00 121.50
113.00 121.00
113.00 120.50
113.50 120.00
113.50 119.50
114.00 119.00
114.50 118.50
114.50 118.00
115.00 117.50
115.00 117.00
115.50 116.50
116.00 116.00
116.50 115.50
117.00 115.00
117.50 114.50
118.00 114.00
118.50 113.50
119.00 113.50
119.50 113.00
120.00 112.50
120.50 112.00
121.00 111.50
121.50 111.50
122.00 111.50
122.50 111.00
123.00 110.50
123.50 110.50
124.00 110.50
124.50 110.00
125.00 110.00
125.50 110.00
126.00 109.50
126.50 109.50
127.00 109.50
127.50 109.50
128.00 109.00
128.50 109.00
129.00 109.00
129.50 109.00
130.00 109.00
130.50 109.00
131.00 109.00
131.50 109.00
132.00 109.00
132.50 109.00
133.00 109.00
133.50 109.00
134.00 109.00
134.50 109.50
135.00 109.50
135.50 109.50
136.00 109.50
136.50 110.00
137.00 110.00
137.50 110.00
138.00 110.00
138.50 110.50
139.00 110.50
139.50 111.00
140.00 111.00
140.50 111.50
141.00 111.50
141.50 112.00
142.00 112.50
142.50 113.00
143.00 113.50
143.50 114.00
144.00 114.50
144.00 115.00
144.50 115.50
144.50 116.00
145.00 116.50
145.00 117.00
145.00 117.50
145.00 118.00
145.00 118.50
145.00 119.00
145.00 119.50
145.00 120.00
145.00 120.50
145.00 121.00
145.00 121.50
144.50 122.00
144.50 122.50
144.50 123.00
144.50 123.50
144.00 124.00
144.00 124.50
