148.50 151.00
148.00 151.50
147.50 151.50
147.00 151.50
146.50 152.00
146.00 152.00
145.50 152.00
145.00 152.00
144.50 152.50
144.00 152.50
143.50 152.50
143.00 152.50
142.50 152.50
142.00 152.50
141.50 152.50
141.00 152.50
140.50 152.50
140.00 152.50
139.50 152.50
139.00 152.50
138.50 152.50
138.00 152.00
137.50 152.00
137.00 152.00
136.50 151.50
136.00 151.50
135.50 151.00
135.00 151.00
134.50 150.50
134.00 150.00
133.50 149.50
133.00 149.00
132.50 148.50
132.00 148.00
131.50 147.50
131.00 147.00
130.50 146.50
130.50 146.00
130.00 145.50
130.00 145.00
129.50 144.50
129.50 144.00
129.00 143.50
129.00 143.00
128.50 142.50
128.50 142.00
128.50 141.50
128.50 141.00
128.50 140.50
128.50 140.00
128.00 139.50
128.00 139.00
128.00 138.50
128.00 138.00
128.00 137.50
128.00 137.00
128.00 136.50
128.50 136.00
128.50 135.50
128.50 135.00
128.50 134.50
128.50 134.00
128.50 133.50
128.50 133.00
129.00 132.50
129.00 132.00
129.00 131.50
129.50 131.00
129.50 130.50
129.50 130.00
130.00 129.50
130.00 129.00
130.50 128.50
130.50 128.00
131.00 127.50
131.00 127.00
131.50 126.50
131.50 126.00
132.00 125.50
132.50 125.00
132.50 124.50
133.00 124.00
133.50 123.50
134.00 123.00
134.50 122.50
135.00 122.00
135.50 121.50
136.00 121.00
136.50 120.50
137.00 120.50
137.50 120.00
138.00 119.50
138.50 119.50
139.00 119.00
139.50 119.00
140.00 119.00
140.50 118.50
141.00 118.50
141.50 118.00
142.00 118.00
142.50 118.00
143.00 118.00
143.50 117.50
144.00 117.50
144.50 117.50
145.00 117.50
145.50 117.50
146.00 117.50
146.50 117.50
147.00 117.50
147.50 117.50
148.00 117.50
148.50 117.50
149.00 117.50
149.50 118.00
150.00 118.00
150.50 118.50
151.00 118.50
151.50 118.50
152.00 119.00
152.50 119.50
153.00 119.50
153.50 120.00
153.50 120.50
154.00 121.00
154.50 121.50
155.00 122.00
155.50 122.50
155.50 123.00
156.00 123.50
156.00 124.00
156.50 124.50
157.00 125.00
157.00 125.50
157.00 126.00
157.50 126.50
157.50 127.00
158.00 127.50
158.00 128.00
158.00 128.50
158.00 129.00
158.00 129.50
158.50 130.00
158.50 130.50
158.50 131.00
158.50 131.50
158.50 132.00
158.50 132.50
158.50 133.00
158.50 133.50
158.50 134.00
158.50 134.50
158.50 135.00
158.50 135.50
158.50 136.00
158.50 136.50
158.00 137.00
158.00 137.50
158.00 138.00
158.00 138.50
157.50 139.00
157.50 139.50
157.50 140.00
157.50 140.50
157.00 141.00
157.00 141.50
156.50 142.00
156.50 142.50
156.00 143.00
156.00 143.50
155.50 144.00
155.00 144.50
155.00 145.00
154.50 145.50
154.00 146.00
154.00 146.50
153.50 147.00
153.00 147.50
152.50 148.00
152.00 148.50
151.50 149.00
151.00 149.50
150.50 149.50
150.00 150.00
149.50 150.50
149.00 150.50
