132.00 152.00
131.50 152.00
131.00 152.00
130.50 151.50
130.00 151.50
129.50 151.50
129.00 151.00
128.50 150.50
128.00 150.50
127.50 150.00
127.00 149.50
126.50 149.00
126.00 148.50
125.50 148.00
125.00 147.50
124.50 147.00
124.00 146.50
123.50 146.00
123.00 145.50
122.50 145.00
122.50 144.50
122.00 144.00
121.50 143.50
121.50 143.00
121.00 142.50
121.00 142.00
120.50 141.50
120.50 141.00
120.00 140.50
120.00 140.00
120.00 139.50
119.50 139.00
119.50 138.50
119.50 138.00
119.50 137.50
119.00 137.00
119.00 136.50
119.00 136.00
119.00 135.50
119.00 135.00
119.00 134.50
119.00 134.00
119.00 133.50
119.00 133.00
119.00 132.50
119.50 132.00
119.50 131.50
119.50 131.00
119.50 130.50
120.00 130.00
120.00 129.50
120.00 129.00
120.50 128.50
120.50 128.00
121.00 127.50
121.50 127.00
121.50 126.50
122.00 126.00
122.00 125.50
122.50 125.00
123.00 124.50
123.50 124.00
124.00 123.50
124.50 123.00
125.00 122.50
125.50 122.00
126.00 121.50
126.50 121.00
127.00 121.00
127.50 120.50
128.00 120.00
128.50 119.50
129.00 119.50
129.50 119.50
130.00 119.00
130.50 118.50
131.00 118.50
131.50 118.00
132.00 118.00
132.50 117.50
133.00 117.50
133.50 117.50
134.00 117.00
134.50 117.00
135.00 117.00
135.50 116.50
136.00 116.50
136.50 116.50
137.00 116.50
137.50 116.00
138.00 116.00
138.50 116.00
139.00 116.00
139.50 116.00
140.00 116.00
140.50 115.50
141.00 115.50
141.50 115.50
142.00 115.50
142.50 115.50
143.00 115.50
143.50 115.50
144.00 115.50
144.50 115.50
145.00 116.00
145.50 116.00
146.00 116.00
146.50 116.00
147.00 116.50
147.50 116.50
148.00 117.00
148.50 117.00
149.00 117.50
149.50 118.00
150.00 118.50
150.50 119.00
151.00 119.50
151.00 120.00
151.00 120.50
151.50 121.00
151.50 121.50
151.50 122.00
151.50 122.50
151.50 123.00
151.50 123.50
152.00 124.00
152.00 124.50
152.00 125.00
152.00 125.50
152.00 126.00
151.50 126.50
151.50 127.00
151.50 127.50
151.50 128.00
151.50 128.50
151.50 129.00
151.50 129.50
151.50 130.00
151.00 130.50
151.00 131.00
151.00 131.50
151.00 132.00
150.50 132.50
150.50 133.00
150.50 133.50
150.50 134.00
150.00 134.50
150.00 135.00
149.50 135.50
149.50 136.00
149.50 136.50
149.00 137.00
149.00 137.50
148.50 138.00
148.00 138.50
148.00 139.00
148.00 139.50
147.50 140.00
147.00 140.50
147.00 141.00
146.50 141.50
146.00 142.00
146.00 142.50
145.50 143.00
145.00 143.50
145.00 144.00
144.50 144.50
144.00 145.00
143.50 145.50
143.00 146.00
142.50 146.50
142.00 147.00
141.50 147.50
141.00 148.00
140.50 148.50
140.00 149.00
139.50 149.50
139.00 150.00
138.50 150.00
138.00 150.50
137.50 150.50
137.00 151.00
136.50 151.00
136.00 151.50
135.50 151.50
135.00 152.00
134.50 152.00
134.00 152.00
133.50 152.00
133.00 152.00
132.50 152.00
