137.50 110.00
138.00 110.00
138.50 110.00
139.00 109.50
139.50 109.50
140.00 109.50
140.50 109.50
141.00 109.50
141.50 109.50
142.00 109.50
142.50 109.50
143.00 109.50
143.50 109.50
144.00 109.50
144.50 110.00
145.00 110.00
145.50 110.00
146.00 110.00
146.50 110.50
147.00 110.50
147.50 111.00
148.00 111.00
148.50 111.50
149.00 112.00
149.50 112.50
150.00 113.00
150.50 113.50
151.00 114.00
151.00 114.50
151.00 115.00
151.50 115.50
151.50 116.00
152.00 116.50
152.00 117.00
152.00 117.50
152.00 118.00
152.00 118.50
152.00 119.00
152.00 119.50
152.00 120.00
152.00 120.50
152.00 121.00
152.00 121.50
152.00 122.00
152.00 122.50
151.50 123.00
151.50 123.50
151.50 124.00
151.00 124.50
151.00 125.00
150.50 125.50
150.50 126.00
150.00 126.50
149.50 127.00
149.00 127.50
148.50 128.00
148.00 128.50
147.50 128.50
147.00 129.00
146.50 129.00
146.00 129.50
145.50 129.50
145.00 129.50
144.50 130.00
144.00 130.00
143.50 130.00
143.00 130.00
142.50 130.50
142.00 130.50
141.50 130.50
141.00 130.50
140.50 130.50
140.00 130.50
139.50 130.50
139.00 130.50
138.50 130.50
138.00 130.50
137.50 130.50
137.00 130.50
136.50 130.50
136.00 130.00
135.50 130.00
135.00 130.00
134.50 130.00
134.00 129.50
133.50 129.50
133.00 129.00
132.50 128.50
132.00 128.00
131.50 127.50
131.00 127.00
131.00 126.50
130.50 126.00
130.50 125.50
130.00 125.00
130.00 124.50
129.50 124.00
129.50 123.50
129.50 123.00
129.00 122.50
129.00 122.00
129.00 121.50
129.00 121.00
129.00 120.50
129.00 120.00
128.50 119.50
128.50 119.00
128.50 118.50
128.50 118.00
128.50 117.50
128.50 117.00
129.00 116.50
129.00 116.00
129.00 115.50
129.00 115.00
129.00 114.50
129.00 114.00
129.50 113.50
130.00 113.00
130.00 112.50
130.50 112.00
131.00 111.50
131.50 111.50
132.00 111.00
132.50 111.00
133.00 111.00
133.50 111.00
134.00 110.50
134.50 110.50
135.00 110.50
135.50 110.50
136.00 110.50
136.50 110.50
137.00 110.50
