147.00 129.00
146.50 129.50
146.50 130.00
146.00 130.50
146.00 131.00
145.50 131.50
145.00 132.00
144.50 132.50
144.00 133.00
143.50 133.50
143.00 133.50
142.50 134.00
142.00 134.00
141.50 134.00
141.00 134.00
140.50 134.00
140.00 133.50
139.50 133.00
139.00 133.00
138.50 132.50
138.00 132.00
137.50 131.50
137.00 131.00
137.00 130.50
136.50 130.00
136.50 129.50
136.50 129.00
136.50 128.50
136.00 128.00
136.00 127.50
136.00 127.00
136.00 126.50
136.00 126.00
136.50 125.50
136.50 125.00
137.00 124.50
137.50 124.00
137.50 123.50
138.00 123.00
138.50 123.00
139.00 123.00
139.50 122.50
140.00 122.50
140.50 122.50
141.00 122.00
141.50 122.50
142.00 122.50
142.50 122.50
143.00 122.50
143.50 122.50
144.00 122.50
144.50 123.00
145.00 123.00
145.50 123.50
146.00 124.00
146.50 124.50
146.50 125.00
147.00 125.50
147.00 126.00
147.00 126.50
147.00 127.00
147.00 127.50
147.00 128.00
147.00 128.50
