135.50 124.00
136.00 123.50
136.50 123.00
137.00 122.50
137.50 122.50
138.00 122.00
138.50 121.50
139.00 121.00
139.50 121.00
140.00 120.50
140.50 120.50
141.00 120.00
141.50 120.00
142.00 119.50
142.50 119.00
143.00 119.00
143.50 119.00
144.00 118.50
144.50 118.50
145.00 118.50
145.50 118.00
146.00 118.00
146.50 118.00
147.00 118.00
147.50 118.00
148.00 118.00
148.50 118.00
149.00 118.00
149.50 118.00
150.00 118.00
150.50 118.00
151.00 118.50
151.50 118.50
152.00 119.00
152.50 119.00
153.00 119.50
153.50 119.50
154.00 120.00
154.50 120.50
155.00 121.00
155.50 121.50
156.00 122.00
156.50 122.50
157.00 123.00
157.50 123.50
158.00 124.00
158.00 124.50
158.50 125.00
158.50 125.50
159.00 126.00
159.50 126.50
159.50 127.00
159.50 127.50
160.00 128.00
160.00 128.50
160.00 129.00
160.00 129.50
160.50 130.00
160.50 130.50
160.50 131.00
160.50 131.50
160.50 132.00
160.50 132.50
160.50 133.00
160.50 133.50
160.50 134.00
160.50 134.50
160.50 135.00
160.00 135.50
160.00 136.00
160.00 136.50
159.50 137.00
159.50 137.50
159.00 138.00
159.00 138.50
159.00 139.00
158.50 139.50
158.00 140.00
158.00 140.50
157.50 141.00
157.50 141.50
157.00 142.00
156.50 142.50
156.00 143.00
155.50 143.50
155.00 144.00
154.50 144.50
154.00 145.00
153.50 145.50
153.00 146.00
152.50 146.50
152.00 147.00
151.50 147.00
151.00 147.50
150.50 148.00
150.00 148.50
149.50 148.50
149.00 149.00
148.50 149.50
148.00 149.50
147.50 150.00
147.00 150.00
146.50 150.50
146.00 150.50
145.50 151.00
145.00 151.00
144.50 151.00
144.00 151.50
143.50 151.50
143.00 151.50
142.50 152.00
142.00 152.00
141.50 152.00
141.00 152.00
140.50 152.00
140.00 152.00
139.50 152.00
139.00 152.00
138.50 152.00
138.00 152.00
137.50 152.00
137.00 152.00
136.50 151.50
136.00 151.50
135.50 151.50
135.00 151.00
134.50 151.00
134.00 150.50
133.50 150.00
133.00 150.00
132.50 149.50
132.00 149.00
131.50 148.50
131.00 148.00
130.50 147.50
130.00 147.00
130.00 146.50
129.50 146.00
129.00 145.50
128.50 145.00
128.50 144.50
128.00 144.00
128.00 143.50
128.00 143.00
127.50 142.50
127.50 142.00
127.50 141.50
127.00 141.00
127.00 140.50
127.00 140.00
127.00 139.50
127.00 139.00
127.00 138.50
127.00 138.00
127.00 137.50
127.00 137.00
127.00 136.50
127.50 136.00
127.50 135.50
127.50 135.00
128.00 134.50
128.00 134.00
128.00 133.50
128.50 133.00
128.50 132.50
129.00 132.00
129.00 131.50
129.50 131.00
130.00 130.50
130.00 130.00
130.50 129.50
131.00 129.00
131.00 128.50
131.50 128.00
132.00 127.50
132.50 127.00
133.00 126.50
133.50 126.00
134.00 125.50
134.50 125.00
135.00 124.50
