119.00 127.50
119.00 127.00
119.50 126.50
119.50 126.00
119.50 125.50
120.00 125.00
120.00 124.50
120.00 124.00
120.50 123.50
121.00 123.50
121.50 123.00
122.00 122.50
122.50 122.50
123.00 122.00
123.50 122.00
124.00 122.00
124.50 121.50
125.00 121.50
125.50 121.50
126.00 121.50
126.50 121.50
127.00 121.50
127.50 122.00
128.00 122.00
128.50 122.00
129.00 122.50
129.50 123.00
130.00 123.50
130.50 124.00
131.00 124.50
131.00 125.00
131.50 125.50
131.50 126.00
131.50 126.50
132.00 127.00
132.00 127.50
132.00 128.00
132.00 128.50
131.50 129.00
131.50 129.50
131.50 130.00
131.00 130.50
131.00 131.00
130.50 131.50
130.00 132.00
129.50 132.50
129.00 133.00
128.50 133.50
128.00 133.50
127.50 134.00
127.00 134.00
126.50 134.50
126.00 134.50
125.50 134.50
125.00 134.50
124.50 134.50
124.00 134.50
123.50 134.50
123.00 134.50
122.50 134.00
122.00 134.00
121.50 133.50
121.00 133.50
120.50 133.00
120.00 132.50
119.50 132.00
119.50 131.50
119.00 131.00
119.00 130.50
119.00 130.00
119.00 129.50
119.00 129.00
119.00 128.50
119.00 128.00
