111.50 128.00
111.50 127.50
111.50 127.00
111.50 126.50
111.50 126.00
111.50 125.50
112.00 125.00
112.00 124.50
112.00 124.00
112.00 123.50
112.00 123.00
112.50 122.50
112.50 122.00
112.50 121.50
113.00 121.00
113.00 120.50
113.50 120.00
113.50 119.50
114.00 119.00
114.50 118.50
114.50 118.00
115.00 117.50
115.50 117.00
116.00 116.50
116.50 116.00
117.00 115.50
117.50 115.00
118.00 114.50
118.50 114.50
119.00 114.00
119.50 113.50
120.00 113.50
120.50 113.50
121.00 113.00
121.50 113.00
122.00 112.50
122.50 112.50
123.00 112.50
123.50 112.50
124.00 112.00
124.50 112.00
125.00 112.00
125.50 112.00
126.00 112.00
126.50 112.00
127.00 112.00
127.50 112.00
128.00 112.00
128.50 112.00
129.00 112.00
129.50 112.00
130.00 112.50
130.50 112.50
131.00 112.50
131.50 113.00
132.00 113.00
132.50 113.00
133.00 113.50
133.50 113.50
134.00 114.00
134.50 114.00
135.00 114.50
135.50 114.50
136.00 115.00
136.50 115.50
137.00 116.00
137.50 116.00
138.00 116.50
138.00 117.00
138.50 117.50
138.50 118.00
139.00 118.50
139.00 119.00
139.00 119.50
139.50 120.00
139.50 120.50
140.00 121.00
140.00 121.50
140.50 122.00
140.50 122.50
141.00 123.00
141.00 123.50
141.00 124.00
141.50 124.50
141.50 125.00
141.50 125.50
141.50 126.00
142.00 126.50
142.00 127.00
142.00 127.50
142.00 128.00
142.00 128.50
142.00 129.00
142.00 129.50
142.00 130.00
142.00 130.50
142.00 131.00
142.00 131.50
142.00 132.00
142.00 132.50
142.00 133.00
141.50 133.50
141.50 134.00
141.50 134.50
141.00 135.00
141.00 135.50
140.50 136.00
140.50 136.50
140.00 137.00
139.50 137.50
139.50 138.00
139.00 138.50
138.50 139.00
138.50 139.50
138.00 140.00
137.50 140.50
137.00 140.50
136.50 141.00
136.00 141.50
135.50 142.00
135.00 142.50
134.50 143.00
134.00 143.00
133.50 143.00
133.00 143.50
132.50 144.00
132.00 144.00
131.50 144.50
131.00 144.50
130.50 145.00
130.00 145.00
129.50 145.00
129.00 145.00
128.50 145.50
128.00 145.50
127.50 145.50
127.00 145.50
126.50 145.50
126.00 145.50
125.50 145.50
125.00 145.50
124.50 145.50
124.00 145.50
123.50 145.50
123.00 145.00
122.50 145.00
122.00 145.00
121.50 144.50
121.00 144.50
120.50 144.50
120.00 144.00
119.50 144.00
119.00 143.50
118.50 143.00
118.00 142.50
117.50 142.50
117.00 142.00
116.50 141.50
116.00 141.00
115.50 140.50
115.00 140.00
115.00 139.50
114.50 139.00
114.00 138.50
114.00 138.00
114.00 137.50
113.50 137.00
113.50 136.50
113.00 136.00
113.00 135.50
113.00 135.00
112.50 134.50
112.50 134.00
112.50 133.50
112.50 133.00
112.00 132.50
112.00 132.00
112.00 131.50
112.00 131.00
112.00 130.50
112.00 130.00
111.50 129.50
111.50 129.00
111.50 128.50
