150.00 133.50
149.50 134.00
149.50 134.50
149.00 135.00
148.50 135.50
148.50 136.00
148.00 136.50
147.50 137.00
147.00 137.50
147.00 138.00
146.50 138.50
146.00 139.00
145.50 139.00
145.00 139.50
144.50 140.00
144.00 140.00
143.50 140.00
143.00 140.50
142.50 140.50
142.00 141.00
141.50 141.00
141.00 141.00
140.50 141.00
140.00 141.00
139.50 141.00
139.00 141.50
138.50 141.50
138.00 141.50
137.50 141.50
137.00 142.00
136.50 142.00
136.00 142.00
135.50 142.00
135.00 141.50
134.50 141.50
134.00 141.50
133.50 141.00
133.00 141.00
132.50 141.00
132.00 140.50
131.50 140.00
131.00 140.00
130.50 139.50
130.00 139.00
129.50 138.50
129.00 138.00
129.00 137.50
128.50 137.00
128.50 136.50
128.00 136.00
127.50 135.50
127.50 135.00
127.00 134.50
126.50 134.00
126.50 133.50
126.50 133.00
126.50 132.50
126.50 132.00
126.50 131.50
126.50 131.00
126.50 130.50
126.50 130.00
126.50 129.50
127.00 129.00
127.00 128.50
127.00 128.00
127.50 127.50
127.50 127.00
128.00 126.50
128.00 126.00
128.50 125.50
129.00 125.00
129.00 124.50
129.50 124.00
130.00 123.50
130.50 123.50
131.00 123.00
131.50 122.50
132.00 122.00
132.50 122.00
133.00 121.50
133.50 121.50
134.00 121.00
134.50 121.00
135.00 121.00
135.50 120.50
136.00 120.50
136.50 120.50
137.00 120.50
137.50 120.00
138.00 120.00
138.50 120.00
139.00 120.00
139.50 120.00
140.00 120.00
140.50 120.00
141.00 120.00
141.50 120.00
142.00 120.00
142.50 120.00
143.00 120.50
143.50 120.50
144.00 120.50
144.50 120.50
145.00 120.50
145.50 121.00
146.00 121.00
146.50 121.00
147.00 121.50
147.50 121.50
148.00 122.00
148.50 122.00
149.00 122.50
149.50 123.00
149.50 123.50
149.50 124.00
150.00 124.50
150.50 125.00
150.50 125.50
150.50 126.00
151.00 126.50
151.00 127.00
151.00 127.50
151.00 128.00
151.00 128.50
151.00 129.00
151.00 129.50
151.00 130.00
151.00 130.50
151.00 131.00
150.50 131.50
150.50 132.00
150.50 132.50
150.50 133.00
