116.50 110.00
117.00 109.50
117.50 109.50
118.00 109.00
118.50 108.50
119.00 108.50
119.50 108.00
120.00 107.50
120.50 107.50
121.00 107.00
121.50 107.00
122.00 106.50
122.50 106.50
123.00 106.00
123.50 106.00
124.00 105.50
124.50 105.50
125.00 105.00
125.50 105.00
126.00 105.00
126.50 104.50
127.00 104.50
127.50 104.50
128.00 104.50
128.50 104.00
129.00 104.00
129.50 104.00
130.00 104.00
130.50 104.00
131.00 104.00
131.50 104.00
132.00 104.00
132.50 104.00
133.00 104.00
133.50 104.00
134.00 104.00
134.50 104.00
135.00 104.00
135.50 104.00
136.00 104.00
136.50 104.00
137.00 104.00
137.50 104.50
138.00 104.50
138.50 104.50
139.00 104.50
139.50 104.50
140.00 105.00
140.50 105.00
141.00 105.00
141.50 105.50
142.00 105.50
142.50 105.50
143.00 105.50
143.50 106.00
144.00 106.00
144.50 106.50
145.00 107.00
145.50 107.00
146.00 107.50
146.50 107.50
147.00 108.00
147.50 108.50
148.00 109.00
148.50 109.50
149.00 110.00
149.50 110.00
150.00 110.50
150.50 111.00
151.00 111.50
151.50 112.00
151.50 112.50
152.00 113.00
152.50 113.50
153.00 114.00
153.00 114.50
153.50 115.00
153.50 115.50
154.00 116.00
154.50 116.50
154.50 117.00
154.50 117.50
155.00 118.00
155.00 118.50
155.00 119.00
155.00 119.50
155.00 120.00
155.00 120.50
155.00 121.00
155.00 121.50
155.00 122.00
155.00 122.50
155.00 123.00
155.00 123.50
155.00 124.00
155.00 124.50
155.00 125.00
155.00 125.50
154.50 126.00
154.50 126.50
154.50 127.00
154.50 127.50
154.50 128.00
154.00 128.50
154.00 129.00
154.00 129.50
154.00 130.00
153.50 130.50
153.50 131.00
153.50 131.50
153.00 132.00
153.00 132.50
153.00 133.00
152.50 133.50
152.50 134.00
152.00 134.50
151.50 135.00
151.00 135.50
151.00 136.00
150.50 136.50
150.50 137.00
150.00 137.50
149.50 138.00
149.00 138.50
148.50 139.00
148.00 139.00
147.50 139.50
147.00 140.00
146.50 140.00
146.00 140.50
145.50 141.00
145.00 141.50
144.50 141.50
144.00 142.00
143.50 142.50
143.00 142.50
142.50 143.00
142.00 143.00
141.50 143.50
141.00 143.50
140.50 144.00
140.00 144.00
139.50 144.00
139.00 144.00
138.50 144.50
138.00 144.50
137.50 144.50
137.00 144.50
136.50 145.00
136.00 145.00
135.50 145.00
135.00 145.00
134.50 145.00
134.00 145.00
133.50 145.00
133.00 145.00
132.50 145.00
132.00 145.00
131.50 145.00
131.00 145.00
130.50 145.00
130.00 145.00
129.50 145.00
129.00 144.50
128.50 144.50
128.00 144.50
127.50 144.50
127.00 144.50
126.50 144.00
126.00 144.00
125.50 144.00
125.00 144.00
124.50 143.50
124.00 143.50
123.50 143.00
123.00 143.00
122.50 142.50
122.00 142.50
121.50 142.00
121.00 142.00
120.50 141.50
120.00 141.50
119.50 141.00
119.00 141.00
118.50 140.50
118.00 140.00
117.50 139.50
117.00 139.00
116.50 138.50
116.00 138.00
115.50 137.50
115.00 137.00
114.50 136.50
114.50 136.00
114.00 135.50
113.50 135.00
113.00 134.50
113.00 134.00
113.00 133.50
112.50 133.00
112.50 132.50
112.00 132.00
112.00 131.50
111.50 131.00
111.50 130.50
111.50 130.00
111.00 129.50
111.00 129.00
111.00 128.50
111.00 128.00
110.50 127.50
110.50 127.00
110.50 126.50
110.50 126.00
110.50 125.50
110.50 125.00
110.50 124.50
110.50 124.00
110.50 123.50
110.50 123.00
110.50 122.50
110.50 122.00
110.50 121.50
110.50 121.00
110.50 120.50
110.50 120.00
110.50 119.50
111.00 119.00
111.00 118.50
111.00 118.00
111.50 117.50
111.50 117.00
111.50 116.50
112.00 116.00
112.00 115.50
112.50 115.00
112.50 114.50
113.00 114.00
113.50 113.50
114.00 113.00
114.00 112.50
114.50 112.00
115.00 111.50
115.50 111.00
116.00 110.50
