118.50 135.00
119.00 135.00
119.50 134.50
120.00 134.50
120.50 134.00
121.00 134.00
121.50 134.00
122.00 133.50
122.50 133.50
123.00 133.00
123.50 133.00
124.00 133.00
124.50 133.00
125.00 133.00
125.50 132.50
126.00 132.50
126.50 132.50
127.00 132.50
127.50 132.50
128.00 132.50
128.50 132.50
129.00 132.50
129.50 132.50
130.00 132.50
130.50 132.50
131.00 132.50
131.50 133.00
132.00 133.00
132.50 133.00
133.00 133.50
133.50 133.50
134.00 134.00
134.50 134.00
135.00 134.50
135.50 134.50
136.00 135.00
136.50 135.50
137.00 136.00
137.50 136.00
138.00 136.50
138.00 137.00
138.50 137.50
139.00 138.00
139.50 138.50
139.50 139.00
140.00 139.50
140.00 140.00
140.00 140.50
140.00 141.00
140.50 141.50
140.50 142.00
140.50 142.50
140.50 143.00
140.50 143.50
140.50 144.00
140.50 144.50
140.00 145.00
140.00 145.50
140.00 146.00
140.00 146.50
140.00 147.00
140.00 147.50
140.00 148.00
140.00 148.50
139.50 149.00
139.50 149.50
139.50 150.00
139.50 150.50
139.50 151.00
139.50 151.50
139.50 152.00
139.00 152.50
139.00 153.00
139.00 153.50
139.00 154.00
138.50 154.50
138.00 154.50
137.50 155.00
137.50 155.50
137.50 156.00
137.00 156.50
137.00 157.00
136.50 157.50
136.00 158.00
136.00 158.50
135.50 159.00
135.00 159.50
134.50 160.00
134.00 160.50
133.50 161.00
133.00 161.50
132.50 162.00
132.00 162.00
131.50 162.50
131.00 162.50
130.50 163.00
130.00 163.00
129.50 163.00
129.00 163.50
128.50 163.50
128.00 163.50
127.50 163.50
127.00 164.00
126.50 164.00
126.00 164.00
125.50 164.00
125.00 164.00
124.50 164.00
124.00 164.00
123.50 164.00
123.00 164.00
122.50 163.50
122.00 163.50
121.50 163.50
121.00 163.00
120.50 163.00
120.00 162.50
119.50 162.00
119.00 162.00
118.50 161.50
118.00 161.50
117.50 161.00
117.00 160.50
116.50 160.00
116.00 159.50
115.50 159.00
115.50 158.50
115.00 158.00
114.50 157.50
114.00 157.00
114.00 156.50
113.50 156.00
113.00 155.50
113.00 155.00
112.50 154.50
112.00 154.00
112.00 153.50
111.50 153.00
111.50 152.50
111.00 152.00
111.00 151.50
110.50 151.00
110.50 150.50
110.50 150.00
110.00 149.50
110.00 149.00
109.50 148.50
109.50 148.00
109.50 147.50
109.50 147.00
109.50 146.50
109.00 146.00
109.00 145.50
109.00 145.00
109.00 144.50
109.00 144.00
109.00 143.50
109.00 143.00
109.50 142.50
109.50 142.00
109.50 141.50
110.00 141.00
110.00 140.50
110.50 140.00
111.00 139.50
111.00 139.00
111.50 138.50
112.00 138.00
112.50 137.50
113.00 137.50
113.50 137.00
114.00 136.50
114.50 136.00
115.00 136.00
115.50 135.50
116.00 135.50
116.50 135.50
117.00 135.00
117.50 135.00
118.00 134.50
