133.00 118.00
133.50 117.50
134.00 117.00
134.50 116.50
135.00 116.00
135.50 115.50
136.00 115.00
136.50 115.00
137.00 115.00
137.50 115.00
138.00 115.00
138.50 115.00
139.00 115.50
139.50 115.50
140.00 115.50
140.50 116.00
141.00 116.50
141.50 117.00
141.50 117.50
142.00 118.00
142.00 118.50
142.00 119.00
142.00 119.50
142.00 120.00
141.50 120.50
141.50 121.00
141.50 121.50
141.00 122.00
140.50 122.50
140.00 123.00
139.50 123.50
139.00 124.00
138.50 124.00
138.00 124.50
137.50 124.50
137.00 124.50
136.50 124.50
136.00 124.50
135.50 124.50
135.00 124.50
134.50 124.50
134.00 124.00
133.50 124.00
133.00 123.50
132.50 123.00
132.50 122.50
132.50 122.00
132.50 121.50
132.00 121.00
132.00 120.50
132.50 120.00
132.50 119.50
132.50 119.00
132.50 118.50
