119.00 120.00
119.50 119.50
120.00 119.50
120.50 119.00
121.00 118.50
121.50 118.50
122.00 118.50
122.50 118.00
123.00 117.50
123.50 117.50
124.00 117.00
124.50 117.00
125.00 117.00
125.50 117.00
126.00 117.00
126.50 116.50
127.00 116.50
127.50 116.50
128.00 116.50
128.50 116.50
129.00 116.50
129.50 117.00
130.00 117.00
130.50 117.00
131.00 117.00
131.50 117.50
132.00 117.50
132.50 117.50
133.00 118.00
133.50 118.50
134.00 118.50
134.50 119.00
135.00 119.50
135.50 120.00
135.50 120.50
136.00 121.00
136.50 121.50
136.50 122.00
137.00 122.50
137.00 123.00
137.00 123.50
137.50 124.00
137.50 124.50
137.50 125.00
137.50 125.50
137.50 126.00
137.50 126.50
137.50 127.00
137.50 127.50
137.50 128.00
137.50 128.50
137.50 129.00
137.00 129.50
137.00 130.00
137.00 130.50
136.50 131.00
136.00 131.50
136.00 132.00
135.50 132.50
135.50 133.00
135.00 133.50
134.50 134.00
134.00 134.50
133.50 134.50
133.00 135.00
132.50 135.50
132.00 135.50
131.50 135.50
131.00 136.00
130.50 136.00
130.00 136.00
129.50 136.50
129.00 136.50
128.50 136.50
128.00 136.50
127.50 136.00
127.00 136.00
126.50 136.00
126.00 136.00
125.50 135.50
125.00 135.50
124.50 135.50
124.00 135.00
123.50 135.00
123.00 134.50
122.50 134.50
122.00 134.00
121.50 133.50
121.00 133.00
120.50 132.50
120.00 132.00
119.50 131.50
119.00 131.00
119.00 130.50
118.50 130.00
118.50 129.50
118.00 129.00
118.00 128.50
118.00 128.00
118.00 127.50
118.00 127.00
118.00 126.50
118.00 126.00
118.00 125.50
118.00 125.00
118.00 124.50
118.50 124.00
119.00 123.50
119.50 123.00
120.00 122.50
120.00 122.00
120.00 121.50
119.50 121.00
119.50 120.50
