138.50 140.00
138.00 139.50
137.50 139.00
137.00 138.50
136.50 138.00
136.00 137.50
135.50 137.00
135.00 136.50
135.00 136.00
134.50 135.50
134.00 135.00
133.50 134.50
133.00 134.00
133.00 133.50
133.00 133.00
132.50 132.50
132.50 132.00
132.00 131.50
132.00 131.00
131.50 130.50
131.50 130.00
131.50 129.50
131.00 129.00
131.00 128.50
131.00 128.00
131.00 127.50
131.00 127.00
131.00 126.50
131.00 126.00
130.50 125.50
130.50 125.00
130.50 124.50
130.50 124.00
130.50 123.50
130.50 123.00
131.00 123.00
131.50 122.50
131.50 122.00
132.00 121.50
132.00 121.00
132.00 120.50
132.00 120.00
132.50 119.50
132.50 119.00
132.50 118.50
133.00 118.00
133.50 117.50
133.50 117.00
134.00 116.50
134.50 116.00
134.50 115.50
135.00 115.00
135.50 114.50
136.00 114.00
136.50 113.50
137.00 113.00
137.50 112.50
138.00 112.00
138.50 112.00
139.00 112.00
139.50 111.50
140.00 111.00
140.50 111.00
141.00 110.50
141.50 110.50
142.00 110.50
142.50 110.00
143.00 110.00
143.50 110.00
144.00 110.00
144.50 110.00
145.00 110.00
145.50 110.00
146.00 110.00
146.50 110.00
147.00 110.00
147.50 110.00
148.00 110.00
148.50 110.50
149.00 110.50
149.50 110.50
150.00 111.00
150.50 111.00
151.00 111.00
151.50 111.50
152.00 111.50
152.50 112.00
153.00 112.00
153.50 112.50
154.00 113.00
154.50 113.50
155.00 113.50
155.50 114.00
156.00 114.50
156.50 115.00
157.00 115.50
157.50 116.00
158.00 116.50
158.00 117.00
158.50 117.50
159.00 118.00
159.00 118.50
159.50 119.00
159.50 119.50
160.00 120.00
160.00 120.50
160.00 121.00
160.50 121.50
160.50 122.00
160.50 122.50
160.50 123.00
161.00 123.50
161.00 124.00
161.00 124.50
161.00 125.00
161.00 125.50
161.00 126.00
161.00 126.50
161.00 127.00
161.00 127.50
161.00 128.00
161.00 128.50
161.00 129.00
160.50 129.50
160.50 130.00
160.50 130.50
160.00 131.00
160.00 131.50
160.00 132.00
159.50 132.50
159.50 133.00
159.00 133.50
159.00 134.00
158.50 134.50
158.50 135.00
158.00 135.50
157.50 136.00
157.00 136.50
156.50 137.00
156.00 137.50
155.50 138.00
155.00 138.50
154.50 138.50
154.00 139.00
153.50 139.50
153.00 140.00
152.50 140.00
152.00 140.00
151.50 140.50
151.00 140.50
150.50 141.00
150.00 141.00
149.50 141.00
149.00 141.00
148.50 141.50
148.00 141.50
147.50 141.50
147.00 141.50
146.50 141.50
146.00 141.50
145.50 141.50
145.00 141.50
144.50 141.50
144.00 141.50
143.50 141.50
143.00 141.50
142.50 141.50
142.00 141.00
141.50 141.00
141.00 141.00
140.50 140.50
140.00 140.00
139.50 140.00
139.00 140.50
