116.00 134.00
116.00 133.50
116.00 133.00
116.00 132.50
116.00 132.00
116.00 131.50
116.00 131.00
116.00 130.50
116.00 130.00
116.50 129.50
116.50 129.00
116.50 128.50
116.50 128.00
116.50 127.50
117.00 127.00
117.00 126.50
117.50 126.00
117.50 125.50
118.00 125.00
118.00 124.50
118.50 124.00
118.50 123.50
119.00 123.00
119.00 122.50
119.50 122.00
120.00 121.50
120.50 121.00
121.00 120.50
121.50 120.00
122.00 119.50
122.50 119.50
123.00 119.00
123.50 118.50
124.00 118.00
124.50 118.00
125.00 117.50
125.50 117.50
126.00 117.50
126.50 117.50
127.00 117.00
127.50 117.00
128.00 117.00
128.50 116.50
129.00 116.50
129.50 116.50
130.00 116.50
130.50 116.50
131.00 116.50
131.50 116.50
132.00 116.50
132.50 116.50
133.00 116.50
133.50 116.50
134.00 116.50
134.50 116.50
135.00 117.00
135.50 117.00
136.00 117.00
136.50 117.50
137.00 117.50
137.50 117.50
138.00 118.00
138.50 118.50
139.00 118.50
139.50 119.00
140.00 119.50
140.50 120.00
141.00 120.00
141.50 120.50
141.50 121.00
142.00 121.50
142.50 122.00
143.00 122.50
143.00 123.00
143.50 123.50
143.50 124.00
143.50 124.50
144.00 125.00
144.00 125.50
144.00 126.00
144.00 126.50
144.00 127.00
144.00 127.50
144.00 128.00
144.00 128.50
144.00 129.00
144.00 129.50
143.50 130.00
143.50 130.50
143.50 131.00
143.50 131.50
143.00 132.00
143.00 132.50
142.50 133.00
142.50 133.50
142.50 134.00
142.00 134.50
141.50 135.00
141.00 135.50
140.50 136.00
140.50 136.50
140.00 137.00
139.50 137.50
139.00 138.00
138.50 138.50
138.00 139.00
137.50 139.00
137.00 139.50
136.50 139.50
136.00 140.00
135.50 140.50
135.00 140.50
134.50 141.00
134.00 141.00
133.50 141.00
133.00 141.50
132.50 141.50
132.00 142.00
131.50 142.00
131.00 142.00
130.50 142.50
130.00 142.50
129.50 143.00
129.00 143.00
128.50 143.00
128.00 143.50
127.50 143.50
127.00 143.50
126.50 143.50
126.00 143.50
125.50 143.50
125.00 143.50
124.50 143.50
124.00 143.00
123.50 143.00
123.00 143.00
122.50 142.50
122.00 142.50
121.50 142.00
121.00 142.00
120.50 141.50
120.00 141.00
119.50 141.00
119.00 140.50
118.50 140.00
118.00 139.50
118.00 139.00
117.50 138.50
117.50 138.00
117.50 137.50
117.00 137.00
117.00 136.50
117.00 136.00
116.50 135.50
116.50 135.00
116.50 134.50
