135.50 136.50
135.50 136.00
135.00 135.50
135.00 135.00
135.00 134.50
135.00 134.00
135.00 133.50
134.50 133.00
134.50 132.50
134.50 132.00
134.50 131.50
134.50 131.00
134.00 130.50
134.00 130.00
134.00 129.50
134.00 129.00
134.00 128.50
134.00 128.00
134.00 127.50
134.00 127.00
134.00 126.50
134.00 126.00
134.00 125.50
134.00 125.00
134.00 124.50
134.50 124.00
134.50 123.50
134.50 123.00
134.50 122.50
134.50 122.00
135.00 121.50
135.00 121.00
135.50 120.50
136.00 120.00
136.50 119.50
137.00 119.00
137.50 118.50
138.00 118.00
138.50 118.00
139.00 117.50
139.50 117.00
140.00 117.00
140.50 117.00
141.00 116.50
141.50 116.50
142.00 116.50
142.50 116.00
143.00 116.00
143.50 116.00
144.00 116.00
144.50 116.00
145.00 116.00
145.50 116.00
146.00 116.00
146.50 116.00
147.00 116.00
147.50 116.00
148.00 116.50
148.50 116.50
149.00 117.00
149.50 117.00
150.00 117.00
150.50 117.50
151.00 118.00
151.50 118.50
152.00 119.00
152.50 119.50
153.00 120.00
153.50 120.50
153.50 121.00
153.50 121.50
154.00 122.00
154.50 122.50
154.50 123.00
154.50 123.50
154.50 124.00
155.00 124.50
155.00 125.00
155.00 125.50
155.00 126.00
155.00 126.50
155.00 127.00
155.00 127.50
155.00 128.00
155.00 128.50
155.00 129.00
155.00 129.50
155.00 130.00
154.50 130.50
154.50 131.00
154.50 131.50
154.50 132.00
154.00 132.50
154.00 133.00
153.50 133.50
153.50 134.00
153.00 134.50
152.50 135.00
152.50 135.50
152.00 136.00
151.50 136.50
151.00 137.00
150.50 137.50
150.00 137.50
149.50 138.00
149.00 138.50
148.50 138.50
148.00 139.00
147.50 139.00
147.00 139.00
146.50 139.00
146.00 139.50
145.50 139.50
145.00 139.50
144.50 139.50
144.00 139.50
143.50 139.50
143.00 139.50
142.50 139.50
142.00 139.50
141.50 139.50
141.00 139.50
140.50 139.50
140.00 139.00
139.50 139.00
139.00 138.50
138.50 138.50
138.00 138.00
137.50 138.00
137.00 137.50
136.50 137.00
136.00 137.00
