129.50 137.00
129.00 137.00
128.50 137.00
128.00 137.00
127.50 137.00
127.00 137.50
126.50 137.50
126.00 137.50
125.50 137.50
125.00 137.50
124.50 137.50
124.00 137.50
123.50 137.50
123.00 137.00
122.50 137.00
122.00 137.00
121.50 137.00
121.00 137.00
120.50 136.50
120.00 136.50
119.50 136.00
119.00 136.00
118.50 136.00
118.00 135.50
117.50 135.00
117.00 134.50
116.50 134.00
116.00 133.50
116.00 133.00
115.50 132.50
115.50 132.00
115.00 131.50
115.00 131.00
115.00 130.50
114.50 130.00
114.50 129.50
114.50 129.00
114.50 128.50
114.50 128.00
114.50 127.50
114.50 127.00
114.50 126.50
114.50 126.00
114.50 125.50
114.50 125.00
115.00 124.50
115.00 124.00
115.00 123.50
115.50 123.00
115.50 122.50
115.50 122.00
116.00 121.50
116.00 121.00
116.50 120.50
117.00 120.00
117.50 119.50
118.00 119.00
118.50 118.50
119.00 118.50
119.50 118.00
120.00 117.50
120.50 117.50
121.00 117.50
121.50 117.00
122.00 117.00
122.50 117.00
123.00 116.50
123.50 116.50
124.00 116.50
124.50 116.50
125.00 116.50
125.50 116.50
126.00 116.50
126.50 116.50
127.00 116.50
127.50 116.50
128.00 116.50
128.50 116.50
129.00 116.50
129.50 117.00
130.00 117.00
130.50 117.00
131.00 117.00
131.50 117.50
132.00 117.50
132.50 117.50
133.00 118.00
133.50 118.00
134.00 118.50
134.50 119.00
135.00 119.00
135.50 119.50
136.00 120.00
136.50 120.50
137.00 121.00
137.00 121.50
137.50 122.00
137.50 122.50
138.00 123.00
138.00 123.50
138.00 124.00
138.00 124.50
138.50 125.00
138.50 125.50
138.50 126.00
138.50 126.50
138.50 127.00
138.50 127.50
138.50 128.00
138.50 128.50
138.00 129.00
138.00 129.50
138.00 130.00
138.00 130.50
137.50 131.00
137.50 131.50
137.50 132.00
137.00 132.50
136.50 133.00
136.50 133.50
136.00 134.00
135.50 134.50
135.00 135.00
134.50 135.50
134.00 136.00
133.50 136.00
133.00 136.50
132.50 136.50
132.00 136.50
131.50 137.00
131.00 137.00
130.50 137.00
130.00 137.00
