107.50 124.50
107.50 124.00
107.50 123.50
107.50 123.00
107.50 122.50
107.50 122.00
107.50 121.50
107.50 121.00
107.00 120.50
107.00 120.00
107.00 119.50
107.00 119.00
107.00 118.50
107.00 118.00
107.00 117.50
107.50 117.00
107.50 116.50
107.50 116.00
107.50 115.50
107.50 115.00
107.50 114.50
108.00 114.00
108.00 113.50
108.00 113.00
108.50 112.50
108.50 112.00
109.00 111.50
109.00 111.00
109.00 110.50
109.50 110.00
110.00 109.50
110.00 109.00
110.50 108.50
110.50 108.00
111.00 107.50
111.50 107.00
112.00 106.50
112.00 106.00
112.50 105.50
113.00 105.00
113.50 104.50
114.00 104.00
114.50 104.00
115.00 103.50
115.50 103.00
116.00 102.50
116.50 102.50
117.00 102.50
117.50 102.00
118.00 102.00
118.50 101.50
119.00 101.50
119.50 101.50
120.00 101.50
120.50 101.00
121.00 101.00
121.50 101.00
122.00 101.00
122.50 101.00
123.00 101.00
123.50 101.00
124.00 101.00
124.50 101.50
125.00 101.50
125.50 101.50
126.00 101.50
126.50 102.00
127.00 102.00
127.50 102.00
128.00 102.00
128.50 102.50
129.00 102.50
129.50 103.00
130.00 103.00
130.50 103.50
131.00 103.50
131.50 104.00
132.00 104.50
132.50 104.50
133.00 105.00
133.50 105.50
134.00 106.00
134.50 106.00
135.00 106.00
135.50 106.00
136.00 106.50
136.50 106.50
137.00 107.00
137.50 107.00
138.00 107.00
138.50 107.50
139.00 108.00
139.50 108.00
140.00 108.00
140.50 108.50
141.00 109.00
141.50 109.50
142.00 110.00
142.50 110.50
143.00 111.00
143.50 111.00
144.00 111.50
144.00 112.00
144.50 112.50
144.50 113.00
145.00 113.50
145.50 114.00
146.00 114.50
146.00 115.00
146.00 115.50
146.50 116.00
147.00 116.50
147.00 117.00
147.00 117.50
147.50 118.00
147.50 118.50
147.50 119.00
147.50 119.50
148.00 120.00
148.00 120.50
148.00 121.00
148.00 121.50
148.00 122.00
148.50 122.50
148.50 123.00
148.50 123.50
148.50 124.00
148.50 124.50
148.50 125.00
148.50 125.50
148.50 126.00
148.50 126.50
148.50 127.00
148.50 127.50
148.50 128.00
148.50 128.50
148.50 129.00
148.50 129.50
148.50 130.00
148.00 130.50
148.00 131.00
148.00 131.50
148.00 132.00
148.00 132.50
147.50 133.00
147.50 133.50
147.00 134.00
147.00 134.50
146.50 135.00
146.50 135.50
146.00 136.00
146.00 136.50
145.50 137.00
145.00 137.50
144.50 138.00
144.00 138.50
143.50 139.00
143.00 139.50
142.50 140.00
142.00 140.00
141.50 140.50
141.00 141.00
140.50 141.00
140.00 141.50
139.50 141.50
139.00 142.00
138.50 142.50
138.00 142.50
137.50 143.00
137.00 143.00
136.50 143.50
136.00 143.50
135.50 143.50
135.00 144.00
134.50 144.00
134.00 144.50
133.50 144.50
133.00 145.00
132.50 145.00
132.00 145.00
131.50 145.50
131.00 145.50
130.50 145.50
130.00 145.50
129.50 145.50
129.00 146.00
128.50 146.00
128.00 146.00
127.50 146.00
127.00 146.00
126.50 146.00
126.00 146.00
125.50 146.00
125.00 146.00
124.50 146.00
124.00 145.50
123.50 145.50
123.00 145.50
122.50 145.50
122.00 145.00
121.50 145.00
121.00 145.00
120.50 144.50
120.00 144.50
119.50 144.00
119.00 144.00
118.50 143.50
118.00 143.00
117.50 143.00
117.00 143.00
116.50 142.50
116.00 142.00
115.50 142.00
115.00 141.50
114.50 141.00
114.00 141.00
113.50 140.50
113.00 140.50
112.50 140.00
112.00 139.50
111.50 139.00
111.50 138.50
111.00 138.00
110.50 137.50
110.00 137.00
109.50 136.50
109.50 136.00
109.00 135.50
108.50 135.00
108.50 134.50
108.50 134.00
108.00 133.50
108.00 133.00
108.00 132.50
107.50 132.00
107.50 131.50
107.50 131.00
107.50 130.50
107.50 130.00
107.50 129.50
107.50 129.00
107.00 128.50
107.00 128.00
107.00 127.50
107.50 127.00
107.50 126.50
107.50 126.00
107.50 125.50
107.50 125.00
