137.50 145.00
137.00 145.00
136.50 145.00
136.00 145.00
135.50 145.00
135.00 145.00
134.50 145.00
134.00 145.00
133.50 145.00
133.00 145.00
132.50 144.50
132.00 144.50
131.50 144.50
131.00 144.50
130.50 144.00
130.00 144.00
129.50 144.00
129.00 143.50
128.50 143.50
128.00 143.50
127.50 143.00
127.00 142.50
126.50 142.50
126.00 142.00
125.50 142.00
125.00 141.50
124.50 141.00
124.00 141.00
123.50 140.50
123.00 140.00
122.50 139.50
122.00 139.50
121.50 139.00
121.50 138.50
121.00 138.00
120.50 137.50
120.00 137.00
120.00 136.50
120.00 136.00
119.50 135.50
119.00 135.00
119.00 134.50
119.00 134.00
118.50 133.50
118.50 133.00
118.00 132.50
118.00 132.00
118.00 131.50
118.00 131.00
117.50 130.50
117.50 130.00
117.50 129.50
117.50 129.00
117.50 128.50
117.00 128.00
117.00 127.50
117.00 127.00
117.00 126.50
117.00 126.00
117.00 125.50
117.00 125.00
117.00 124.50
117.00 124.00
117.00 123.50
117.00 123.00
117.00 122.50
117.00 122.00
117.00 121.50
117.00 121.00
117.00 120.50
117.00 120.00
117.00 119.50
117.50 119.00
117.50 118.50
117.50 118.00
117.50 117.50
117.50 117.00
118.00 116.50
118.00 116.00
118.00 115.50
118.00 115.00
118.50 114.50
118.50 114.00
119.00 113.50
119.00 113.00
119.50 112.50
119.50 112.00
120.00 111.50
120.50 111.00
120.50 110.50
121.00 110.00
121.50 109.50
122.00 109.00
122.50 108.50
123.00 108.50
123.50 108.00
124.00 107.50
124.50 107.00
125.00 107.00
125.50 106.50
126.00 106.00
126.50 106.00
127.00 105.50
127.50 105.50
128.00 105.50
128.50 105.00
129.00 105.00
129.50 105.00
130.00 104.50
130.50 104.50
131.00 104.50
131.50 104.50
132.00 104.50
132.50 104.50
133.00 104.50
133.50 104.50
134.00 104.50
134.50 104.50
135.00 104.50
135.50 104.50
136.00 105.00
136.50 105.00
137.00 105.00
137.50 105.00
138.00 105.50
138.50 105.50
139.00 105.50
139.50 106.00
140.00 106.00
140.50 106.50
141.00 106.50
141.50 107.00
142.00 107.00
142.50 107.50
143.00 107.50
143.50 108.00
144.00 108.50
144.50 109.00
145.00 109.00
145.50 109.50
146.00 110.00
146.50 110.00
147.00 110.50
147.50 111.00
148.00 111.50
148.50 111.50
149.00 112.00
149.50 112.50
150.00 113.00
150.50 113.50
151.00 114.00
151.50 114.50
152.00 115.00
152.00 115.50
152.50 116.00
153.00 116.50
153.00 117.00
153.50 117.50
154.00 118.00
154.00 118.50
154.50 119.00
154.50 119.50
154.50 120.00
154.50 120.50
155.00 121.00
155.00 121.50
155.00 122.00
155.50 122.50
155.50 123.00
155.50 123.50
155.50 124.00
155.50 124.50
155.50 125.00
155.50 125.50
155.50 126.00
155.50 126.50
155.50 127.00
155.50 127.50
155.50 128.00
155.50 128.50
155.50 129.00
155.00 129.50
155.00 130.00
155.00 130.50
155.00 131.00
154.50 131.50
154.50 132.00
154.50 132.50
154.00 133.00
154.00 133.50
153.50 134.00
153.50 134.50
153.50 135.00
153.00 135.50
152.50 136.00
152.50 136.50
152.00 137.00
151.50 137.50
151.50 138.00
151.00 138.50
150.50 139.00
150.00 139.50
149.50 140.00
149.00 140.50
148.50 141.00
148.00 141.50
147.50 141.50
147.00 142.00
146.50 142.50
146.00 142.50
145.50 142.50
145.00 143.00
144.50 143.50
144.00 143.50
143.50 143.50
143.00 144.00
142.50 144.00
142.00 144.50
141.50 144.50
141.00 144.50
140.50 144.50
140.00 145.00
139.50 145.00
139.00 145.00
138.50 145.00
138.00 145.00
