157.00 133.50
156.50 134.00
156.00 134.50
155.50 135.00
155.00 135.50
154.50 136.00
154.00 136.50
153.50 136.50
153.00 137.00
152.50 137.50
152.00 137.50
151.50 138.00
151.00 138.50
150.50 138.50
150.00 139.00
149.50 139.00
149.00 139.50
148.50 139.50
148.00 140.00
147.50 140.00
147.00 140.50
146.50 140.50
146.00 141.00
145.50 141.00
145.00 141.00
144.50 141.50
144.00 141.50
143.50 142.00
143.00 142.00
142.50 142.00
142.00 142.50
141.50 142.50
141.00 142.50
140.50 143.00
140.00 143.00
139.50 143.00
139.00 143.50
138.50 143.50
138.00 143.50
137.50 143.50
137.00 143.50
136.50 144.00
136.00 144.00
135.50 144.00
135.00 144.00
134.50 144.00
134.00 144.00
133.50 144.00
133.00 144.00
132.50 144.00
132.00 144.00
131.50 144.00
131.00 144.00
130.50 144.00
130.00 144.00
129.50 143.50
129.00 143.50
128.50 143.50
128.00 143.50
127.50 143.00
127.00 143.00
126.50 143.00
126.00 142.50
125.50 142.50
125.00 142.50
124.50 142.00
124.00 142.00
123.50 141.50
123.00 141.50
122.50 141.00
122.00 140.50
121.50 140.50
121.00 140.00
120.50 139.50
120.00 139.00
119.50 138.50
119.00 138.00
118.50 137.50
118.00 137.00
118.00 136.50
117.50 136.00
117.50 135.50
117.00 135.00
116.50 134.50
116.50 134.00
116.00 133.50
116.00 133.00
115.50 132.50
115.50 132.00
115.00 131.50
115.00 131.00
114.50 130.50
114.50 130.00
114.50 129.50
114.00 129.00
113.50 128.50
113.50 128.00
113.50 127.50
113.00 127.00
113.00 126.50
113.00 126.00
112.50 125.50
112.50 125.00
112.00 124.50
112.00 124.00
112.00 123.50
111.50 123.00
111.50 122.50
111.00 122.00
111.00 121.50
111.00 121.00
110.50 120.50
110.50 120.00
110.50 119.50
110.00 119.00
110.00 118.50
110.00 118.00
109.50 117.50
109.50 117.00
109.50 116.50
109.00 116.00
109.00 115.50
109.00 115.00
109.00 114.50
109.00 114.00
108.50 113.50
108.50 113.00
108.50 112.50
108.50 112.00
108.50 111.50
108.50 111.00
108.50 110.50
108.50 110.00
108.50 109.50
108.50 109.00
108.50 108.50
108.50 108.00
108.50 107.50
109.00 107.00
109.00 106.50
109.00 106.00
109.00 105.50
109.50 105.00
109.50 104.50
109.50 104.00
110.00 103.50
110.00 103.00
110.00 102.50
110.50 102.00
110.50 101.50
110.50 101.00
111.00 100.50
111.50 100.00
111.50 99.50
112.00 99.00
112.00 98.50
112.50 98.00
113.00 97.50
113.50 97.00
114.00 96.50
114.50 96.00
115.00 95.50
115.50 95.00
116.00 95.00
116.50 94.50
117.00 94.00
117.50 94.00
118.00 93.50
118.50 93.00
119.00 93.00
119.50 92.50
120.00 92.50
120.50 92.00
121.00 92.00
121.50 91.50
122.00 91.50
122.50 91.50
123.00 91.00
123.50 91.00
124.00 91.00
124.50 91.00
125.00 90.50
125.50 90.50
126.00 90.50
126.50 90.50
127.00 90.50
127.50 90.50
128.00 90.00
128.50 90.00
129.00 90.00
129.50 90.00
130.00 90.00
130.50 90.00
131.00 90.00
131.50 90.00
132.00 90.00
132.50 90.00
133.00 90.00
133.50 90.50
134.00 90.50
134.50 90.50
135.00 90.50
135.50 90.50
136.00 90.50
136.50 90.50
137.00 90.50
137.50 91.00
138.00 91.00
138.50 91.00
139.00 91.00
139.50 91.00
140.00 91.50
140.50 91.50
141.00 91.50
141.50 91.50
142.00 92.00
142.50 92.00
143.00 92.00
143.50 92.00
144.00 92.50
144.50 92.50
145.00 92.50
145.50 93.00
146.00 93.00
146.50 93.00
147.00 93.50
147.50 94.00
148.00 94.00
148.50 94.50
149.00 94.50
149.50 95.00
150.00 95.00
150.50 95.50
151.00 95.50
151.50 96.00
152.00 96.50
152.50 97.00
153.00 97.50
153.50 98.00
154.00 98.50
154.50 99.00
154.50 99.50
155.00 100.00
155.50 100.50
155.50 101.00
156.00 101.50
156.00 102.00
156.50 102.50
156.50 103.00
157.00 103.50
157.00 104.00
157.00 104.50
157.50 105.00
157.50 105.50
158.00 106.00
158.00 106.50
158.00 107.00
158.50 107.50
158.50 108.00
158.50 108.50
159.00 109.00
159.00 109.50
159.00 110.00
159.50 110.50
159.50 111.00
159.50 111.50
160.00 112.00
160.00 112.50
160.00 113.00
160.00 113.50
160.50 114.00
160.50 114.50
160.50 115.00
161.00 115.50
161.00 116.00
161.00 116.50
161.00 117.00
161.00 117.50
161.50 118.00
161.50 118.50
161.50 119.00
161.50 119.50
161.50 120.00
161.50 120.50
161.50 121.00
161.50 121.50
161.50 122.00
161.50 122.50
161.50 123.00
161.50 123.50
161.50 124.00
161.50 124.50
161.50 125.00
161.00 125.50
161.00 126.00
161.00 126.50
160.50 127.00
160.50 127.50
160.50 128.00
160.00 128.50
160.00 129.00
159.50 129.50
159.50 130.00
159.50 130.50
159.00 131.00
158.50 131.50
158.50 132.00
158.00 132.50
157.50 133.00
