137.50 108.50
138.00 108.50
138.50 109.00
139.00 109.00
139.50 109.00
140.00 109.00
140.50 109.50
141.00 109.50
141.50 109.50
142.00 110.00
142.50 110.00
143.00 110.50
143.50 110.50
144.00 111.00
144.50 111.00
145.00 111.50
145.50 112.00
146.00 112.50
146.50 112.50
147.00 113.00
147.50 113.50
148.00 114.00
148.50 114.50
149.00 115.00
149.50 115.50
150.00 116.00
150.00 116.50
150.50 117.00
151.00 117.50
151.50 118.00
152.00 118.50
152.00 119.00
152.50 119.50
152.50 120.00
153.00 120.50
153.00 121.00
153.50 121.50
153.50 122.00
153.50 122.50
154.00 123.00
154.00 123.50
154.00 124.00
154.50 124.50
154.50 125.00
154.50 125.50
154.50 126.00
154.50 126.50
155.00 127.00
155.00 127.50
155.00 128.00
155.00 128.50
155.00 129.00
155.00 129.50
155.00 130.00
155.00 130.50
155.00 131.00
155.00 131.50
155.00 132.00
155.00 132.50
154.50 133.00
154.50 133.50
154.50 134.00
154.50 134.50
154.50 135.00
154.00 135.50
154.00 136.00
154.00 136.50
153.50 137.00
153.50 137.50
153.50 138.00
153.00 138.50
153.00 139.00
152.50 139.50
152.50 140.00
152.00 140.50
152.00 141.00
151.50 141.50
151.00 142.00
150.50 142.50
150.50 143.00
150.00 143.50
149.50 144.00
149.00 144.50
148.50 145.00
148.00 145.50
147.50 146.00
147.00 146.00
146.50 146.50
146.00 147.00
145.50 147.50
145.00 147.50
144.50 148.00
144.00 148.50
143.50 148.50
143.00 149.00
142.50 149.00
142.00 149.50
141.50 149.50
141.00 150.00
140.50 150.00
140.00 150.00
139.50 150.50
139.00 150.50
138.50 150.50
138.00 150.50
137.50 151.00
137.00 151.00
136.50 151.00
136.00 151.00
135.50 151.00
135.00 151.00
134.50 151.00
134.00 151.00
133.50 151.00
133.00 151.00
132.50 151.00
132.00 151.00
131.50 151.00
131.00 151.00
130.50 151.00
130.00 151.00
129.50 151.00
129.00 150.50
128.50 150.50
128.00 150.50
127.50 150.50
127.00 150.00
126.50 150.00
126.00 149.50
125.50 149.50
125.00 149.50
124.50 149.00
124.00 148.50
123.50 148.50
123.00 148.00
122.50 148.00
122.00 147.50
121.50 147.00
121.00 146.50
120.50 146.00
120.00 145.50
119.50 145.00
119.50 144.50
119.00 144.00
118.50 143.50
118.50 143.00
118.00 142.50
117.50 142.00
117.50 141.50
117.00 141.00
117.00 140.50
116.50 140.00
116.50 139.50
116.50 139.00
116.00 138.50
116.00 138.00
116.00 137.50
116.00 137.00
115.50 136.50
115.50 136.00
115.50 135.50
115.50 135.00
115.00 134.50
115.00 134.00
115.00 133.50
115.00 133.00
115.00 132.50
115.00 132.00
115.00 131.50
115.00 131.00
115.00 130.50
115.00 130.00
115.00 129.50
115.00 129.00
115.00 128.50
115.00 128.00
115.00 127.50
115.00 127.00
115.00 126.50
115.00 126.00
115.50 125.50
115.50 125.00
115.50 124.50
115.50 124.00
115.50 123.50
116.00 123.00
116.00 122.50
116.00 122.00
116.50 121.50
116.50 121.00
116.50 120.50
117.00 120.00
117.00 119.50
117.50 119.00
117.50 118.50
118.00 118.00
118.00 117.50
118.50 117.00
119.00 116.50
119.50 116.00
119.50 115.50
120.00 115.00
120.50 114.50
121.00 114.00
121.50 113.50
122.00 113.00
122.50 112.50
123.00 112.50
123.50 112.00
124.00 111.50
124.50 111.00
125.00 111.00
125.50 110.50
126.00 110.50
126.50 110.00
127.00 110.00
127.50 110.00
128.00 109.50
128.50 109.50
129.00 109.00
129.50 109.00
130.00 109.00
130.50 109.00
131.00 108.50
131.50 108.50
132.00 108.50
132.50 108.50
133.00 108.50
133.50 108.50
134.00 108.50
134.50 108.50
135.00 108.50
135.50 108.50
136.00 108.50
136.50 108.50
137.00 108.50
