147.00 123.00
147.00 123.50
147.50 124.00
148.00 124.50
148.50 125.00
149.00 125.50
149.00 126.00
149.50 126.50
149.50 127.00
149.50 127.50
149.50 128.00
150.00 128.50
150.00 129.00
150.00 129.50
150.00 130.00
150.00 130.50
150.50 131.00
150.50 131.50
150.50 132.00
150.00 132.50
149.50 133.00
149.50 133.50
149.00 134.00
149.00 134.50
148.50 135.00
148.50 135.50
148.50 136.00
148.00 136.50
147.50 137.00
147.50 137.50
147.50 138.00
147.00 138.50
146.50 138.50
146.00 139.00
145.50 139.00
145.00 139.50
144.50 139.50
144.00 140.00
143.50 140.00
143.00 140.50
142.50 140.50
142.00 140.50
141.50 140.50
141.00 140.50
140.50 140.50
140.00 140.50
139.50 140.50
139.00 140.00
138.50 140.00
138.00 140.00
137.50 139.50
137.00 139.00
136.50 138.50
136.00 138.50
135.50 138.00
135.00 137.50
135.00 137.00
135.00 136.50
134.50 136.00
134.50 135.50
134.50 135.00
134.00 134.50
134.00 134.00
134.00 133.50
134.00 133.00
133.50 132.50
133.50 132.00
133.50 131.50
133.00 131.00
133.00 130.50
133.50 130.00
133.50 129.50
133.50 129.00
133.50 128.50
133.50 128.00
133.50 127.50
133.50 127.00
134.00 126.50
134.00 126.00
134.50 125.50
134.50 125.00
135.00 124.50
135.00 124.00
135.50 123.50
135.50 123.00
136.00 122.50
136.50 122.50
137.00 122.00
137.50 122.00
138.00 121.50
138.50 121.50
139.00 121.00
139.50 121.00
140.00 121.00
140.50 120.50
141.00 120.50
141.50 120.50
142.00 120.50
142.50 120.50
143.00 120.50
143.50 121.00
144.00 121.00
144.50 121.00
145.00 121.00
145.50 121.50
146.00 122.00
146.50 122.00
147.00 122.50
