137.00 147.00
136.50 146.50
136.00 146.50
135.50 146.00
135.00 146.00
134.50 145.50
134.00 145.00
133.50 144.50
133.00 144.00
132.50 144.00
132.00 143.50
132.00 143.00
131.50 142.50
131.00 142.00
130.50 141.50
130.50 141.00
130.00 140.50
129.50 140.00
129.50 139.50
129.50 139.00
129.00 138.50
129.00 138.00
129.00 137.50
129.00 137.00
128.50 136.50
128.50 136.00
128.50 135.50
128.50 135.00
128.50 134.50
128.50 134.00
128.50 133.50
128.50 133.00
128.50 132.50
128.50 132.00
128.50 131.50
128.50 131.00
128.50 130.50
128.50 130.00
128.50 129.50
128.50 129.00
129.00 128.50
129.00 128.00
129.00 127.50
129.00 127.00
129.50 126.50
129.50 126.00
130.00 125.50
130.00 125.00
130.50 124.50
131.00 124.00
131.50 123.50
132.00 123.00
132.50 123.00
133.00 122.50
133.50 122.50
134.00 122.50
134.50 122.50
135.00 122.00
135.50 122.00
136.00 122.00
136.50 122.00
137.00 121.50
137.50 121.50
138.00 121.50
138.50 121.50
139.00 121.50
139.50 121.50
140.00 121.50
140.50 121.50
141.00 122.00
141.50 122.00
142.00 122.00
142.50 122.00
143.00 122.00
143.50 122.50
144.00 122.50
144.50 123.00
145.00 123.00
145.50 123.50
146.00 123.50
146.50 123.50
147.00 124.00
147.50 124.00
148.00 124.50
148.50 125.00
148.50 125.50
149.00 126.00
149.50 126.50
150.00 127.00
150.50 127.50
150.50 128.00
151.00 128.50
151.50 129.00
151.50 129.50
151.50 130.00
152.00 130.50
152.00 131.00
152.50 131.50
152.50 132.00
152.50 132.50
152.50 133.00
152.50 133.50
152.50 134.00
152.50 134.50
152.50 135.00
152.50 135.50
152.50 136.00
152.50 136.50
152.50 137.00
152.50 137.50
152.50 138.00
152.50 138.50
152.50 139.00
152.50 139.50
152.00 140.00
152.00 140.50
152.00 141.00
151.50 141.50
151.00 142.00
150.50 142.50
150.00 143.00
149.50 143.50
149.00 144.00
148.50 144.00
148.00 144.50
147.50 145.00
147.00 145.50
146.50 145.50
146.00 146.00
145.50 146.00
145.00 146.00
144.50 146.50
144.00 146.50
143.50 146.50
143.00 147.00
142.50 147.00
142.00 147.00
141.50 147.00
141.00 147.50
140.50 147.50
140.00 147.50
139.50 147.50
139.00 147.50
138.50 147.50
138.00 147.00
137.50 147.00
