146.00 113.00
146.00 113.50
146.50 114.00
146.50 114.50
147.00 115.00
147.00 115.50
147.00 116.00
147.50 116.50
147.50 117.00
148.00 117.50
148.00 118.00
148.00 118.50
148.50 119.00
148.50 119.50
148.50 120.00
148.50 120.50
148.50 121.00
148.50 121.50
148.50 122.00
148.50 122.50
148.50 123.00
148.50 123.50
148.50 124.00
148.50 124.50
148.50 125.00
148.00 125.50
148.00 126.00
148.00 126.50
148.00 127.00
148.00 127.50
147.50 128.00
147.50 128.50
147.50 129.00
147.50 129.50
147.00 130.00
147.00 130.50
147.00 131.00
146.50 131.50
146.00 132.00
146.00 132.50
145.50 133.00
145.00 133.50
145.00 134.00
144.50 134.50
144.00 135.00
143.50 135.50
143.00 136.00
142.50 136.00
142.00 136.50
141.50 137.00
141.00 137.50
140.50 137.50
140.00 138.00
139.50 138.00
139.00 138.50
138.50 138.50
138.00 139.00
137.50 139.00
137.00 139.50
136.50 139.50
136.00 139.50
135.50 139.50
135.00 140.00
134.50 140.00
134.00 140.00
133.50 140.50
133.00 140.00
132.50 140.00
132.00 140.00
131.50 140.00
131.00 140.00
130.50 140.00
130.00 140.00
129.50 140.00
129.00 140.00
128.50 140.00
128.00 140.00
127.50 140.00
127.00 140.00
126.50 140.00
126.00 139.50
125.50 139.50
125.00 139.50
124.50 139.50
124.00 139.00
123.50 139.00
123.00 139.00
122.50 138.50
122.00 138.50
121.50 138.50
121.00 138.00
120.50 137.50
120.00 137.50
119.50 137.00
119.00 136.50
118.50 136.50
118.00 136.00
117.50 135.50
117.00 135.00
116.50 134.50
116.00 134.00
115.50 133.50
115.00 133.00
114.50 132.50
114.50 132.00
114.00 131.50
113.50 131.00
113.00 130.50
113.00 130.00
113.00 129.50
112.50 129.00
112.00 128.50
112.00 128.00
112.00 127.50
111.50 127.00
111.50 126.50
111.00 126.00
111.00 125.50
111.00 125.00
111.00 124.50
110.50 124.00
110.50 123.50
110.50 123.00
110.50 122.50
110.50 122.00
110.50 121.50
110.50 121.00
110.50 120.50
110.50 120.00
110.50 119.50
110.50 119.00
110.50 118.50
111.00 118.00
111.00 117.50
111.00 117.00
111.50 116.50
111.50 116.00
111.50 115.50
112.00 115.00
112.00 114.50
112.50 114.00
113.00 113.50
113.00 113.00
113.50 112.50
113.50 112.00
114.00 111.50
114.50 111.00
115.00 110.50
115.50 110.00
116.00 109.50
116.50 109.00
116.50 108.50
117.00 108.00
117.50 107.50
118.00 107.50
118.50 107.00
119.00 107.00
119.50 106.50
120.00 106.50
120.50 106.00
121.00 106.00
121.50 105.50
122.00 105.50
122.50 105.50
123.00 105.00
123.50 105.00
124.00 105.00
124.50 105.00
125.00 104.50
125.50 104.50
126.00 104.50
126.50 104.50
127.00 104.00
127.50 104.00
128.00 104.00
128.50 104.00
129.00 104.00
129.50 104.00
130.00 104.00
130.50 104.00
131.00 104.00
131.50 104.00
132.00 104.00
132.50 104.50
133.00 104.50
133.50 104.50
134.00 104.50
134.50 105.00
135.00 105.00
135.50 105.50
136.00 105.50
136.50 105.50
137.00 106.00
137.50 106.00
138.00 106.50
138.50 106.50
139.00 107.00
139.50 107.50
140.00 107.50
140.50 107.50
141.00 108.00
141.00 108.50
141.50 109.00
142.00 109.50
142.50 110.00
143.00 110.50
143.50 111.00
144.00 111.50
144.50 112.00
145.00 112.50
145.50 112.50
