148.50 124.00
148.50 124.50
148.50 125.00
148.50 125.50
148.50 126.00
148.50 126.50
148.50 127.00
148.50 127.50
148.00 128.00
148.00 128.50
148.00 129.00
148.00 129.50
147.50 130.00
147.50 130.50
147.50 131.00
147.00 131.50
147.00 132.00
146.50 132.50
146.00 133.00
146.00 133.50
146.00 134.00
145.50 134.50
145.00 135.00
144.50 135.50
144.00 136.00
143.50 136.50
143.00 137.00
142.50 137.50
142.00 138.00
141.50 138.00
141.00 138.50
140.50 139.00
140.00 139.00
139.50 139.50
139.00 139.50
138.50 140.00
138.00 140.00
137.50 140.00
137.00 140.50
136.50 140.50
136.00 141.00
135.50 141.00
135.00 141.00
134.50 141.50
134.00 141.50
133.50 141.50
133.00 141.50
132.50 141.50
132.00 141.50
131.50 141.50
131.00 142.00
130.50 142.00
130.00 142.00
129.50 142.00
129.00 141.50
128.50 141.50
128.00 141.50
127.50 141.50
127.00 141.50
126.50 141.50
126.00 141.50
125.50 141.00
125.00 141.00
124.50 141.00
124.00 141.00
123.50 140.50
123.00 140.50
122.50 140.00
122.00 140.00
121.50 139.50
121.00 139.00
120.50 138.50
120.00 138.50
119.50 138.00
119.00 137.50
118.50 137.00
118.00 136.50
117.50 136.00
117.00 135.50
116.50 135.00
116.50 134.50
116.00 134.00
116.00 133.50
115.50 133.00
115.00 132.50
115.00 132.00
114.50 131.50
114.50 131.00
114.00 130.50
114.00 130.00
114.00 129.50
113.50 129.00
113.50 128.50
113.50 128.00
113.50 127.50
113.50 127.00
113.00 126.50
113.00 126.00
113.00 125.50
113.00 125.00
113.00 124.50
113.00 124.00
113.00 123.50
113.00 123.00
113.00 122.50
113.50 122.00
113.50 121.50
113.50 121.00
113.50 120.50
113.50 120.00
114.00 119.50
114.00 119.00
114.00 118.50
114.00 118.00
114.50 117.50
114.50 117.00
114.50 116.50
115.00 116.00
115.00 115.50
115.50 115.00
115.50 114.50
116.00 114.00
116.00 113.50
116.00 113.00
116.50 112.50
117.00 112.00
117.00 111.50
117.50 111.00
117.50 110.50
118.00 110.00
118.50 109.50
119.00 109.00
119.50 108.50
119.50 108.00
120.00 107.50
120.50 107.00
121.00 106.50
121.50 106.00
122.00 105.50
122.50 105.50
123.00 105.50
123.50 105.00
124.00 104.50
124.50 104.50
125.00 104.50
125.50 104.50
126.00 104.00
126.50 104.00
127.00 104.00
127.50 104.00
128.00 104.00
128.50 104.00
129.00 104.00
129.50 104.00
130.00 104.00
130.50 104.00
131.00 104.00
131.50 104.00
132.00 104.00
132.50 104.00
133.00 104.50
133.50 104.50
134.00 105.00
134.50 105.00
135.00 105.50
135.50 105.50
136.00 106.00
136.50 106.00
137.00 106.00
137.50 106.50
138.00 106.50
138.50 107.00
139.00 107.00
139.50 107.50
140.00 107.50
140.50 108.00
141.00 108.00
141.50 108.50
142.00 109.00
142.50 109.50
143.00 109.50
143.50 110.00
144.00 110.50
144.50 111.00
145.00 111.50
145.50 112.00
145.50 112.50
146.00 113.00
146.50 113.50
146.50 114.00
147.00 114.50
147.00 115.00
147.00 115.50
147.50 116.00
147.50 116.50
148.00 117.00
148.00 117.50
148.00 118.00
148.00 118.50
148.00 119.00
148.50 119.50
148.50 120.00
148.50 120.50
148.50 121.00
148.50 121.50
149.00 122.00
149.00 122.50
149.00 123.00
149.00 123.50
