140.00 140.00
139.50 140.00
139.00 140.00
138.50 139.50
138.00 139.50
137.50 139.50
137.00 139.50
136.50 139.00
136.00 139.00
135.50 139.00
135.00 138.50
134.50 138.50
134.00 138.50
133.50 138.00
133.00 138.00
132.50 138.00
132.00 137.50
131.50 137.00
131.00 137.00
130.50 136.50
130.00 136.00
129.50 135.50
129.00 135.00
128.50 134.50
128.50 134.00
128.00 133.50
128.00 133.00
128.00 132.50
127.50 132.00
127.50 131.50
127.50 131.00
127.00 130.50
127.00 130.00
127.00 129.50
127.00 129.00
127.00 128.50
127.00 128.00
127.00 127.50
126.50 127.00
126.50 126.50
126.50 126.00
126.50 125.50
126.50 125.00
126.50 124.50
126.50 124.00
126.50 123.50
126.50 123.00
126.50 122.50
126.50 122.00
126.50 121.50
126.50 121.00
127.00 120.50
127.00 120.00
127.00 119.50
127.50 119.00
127.50 118.50
128.00 118.00
128.50 117.50
128.50 117.00
128.50 116.50
129.00 116.00
129.50 115.50
130.00 115.50
130.50 115.00
131.00 114.50
131.50 114.00
132.00 113.50
132.50 113.50
133.00 113.00
133.50 112.50
134.00 112.00
134.50 112.00
135.00 111.50
135.50 111.50
136.00 111.50
136.50 111.00
137.00 111.00
137.50 111.00
138.00 111.00
138.50 110.50
139.00 110.50
139.50 110.50
140.00 110.50
140.50 110.50
141.00 110.50
141.50 110.50
142.00 110.50
142.50 110.50
143.00 110.50
143.50 110.50
144.00 110.50
144.50 110.50
145.00 111.00
145.50 111.00
146.00 111.00
146.50 111.50
147.00 112.00
147.50 112.50
148.00 112.50
148.50 112.50
149.00 113.00
149.00 113.50
149.50 114.00
150.00 114.50
150.50 115.00
150.50 115.50
151.00 116.00
151.00 116.50
151.50 117.00
152.00 117.50
152.00 118.00
152.00 118.50
152.50 119.00
152.50 119.50
153.00 120.00
153.00 120.50
153.50 121.00
153.50 121.50
153.50 122.00
154.00 122.50
154.00 123.00
154.00 123.50
154.50 124.00
154.50 124.50
154.50 125.00
154.50 125.50
155.00 126.00
155.00 126.50
155.00 127.00
155.00 127.50
155.00 128.00
155.00 128.50
155.00 129.00
155.00 129.50
155.00 130.00
155.00 130.50
155.00 131.00
154.50 131.50
154.50 132.00
154.50 132.50
154.00 133.00
153.50 133.50
153.00 134.00
153.00 134.50
152.50 135.00
152.00 135.00
151.50 135.50
151.00 136.00
150.50 136.50
150.00 136.50
149.50 137.00
149.00 137.00
148.50 137.50
148.00 138.00
147.50 138.00
147.00 138.00
146.50 138.50
146.00 138.50
145.50 139.00
145.00 139.00
144.50 139.00
144.00 139.00
143.50 139.50
143.00 139.50
142.50 139.50
142.00 139.50
141.50 139.50
141.00 139.50
140.50 139.50
