145.00 122.50
145.00 123.00
145.00 123.50
145.00 124.00
145.50 124.50
145.50 125.00
145.50 125.50
145.50 126.00
145.50 126.50
145.50 127.00
145.50 127.50
145.50 128.00
145.50 128.50
145.50 129.00
145.50 129.50
145.50 130.00
145.50 130.50
145.50 131.00
145.00 131.50
145.00 132.00
145.00 132.50
144.50 133.00
144.50 133.50
144.50 134.00
144.00 134.50
144.00 135.00
143.50 135.50
143.50 136.00
143.00 136.50
143.00 137.00
142.50 137.50
142.00 138.00
142.00 138.50
141.50 139.00
141.00 139.50
140.50 140.00
140.00 140.50
139.50 141.00
139.00 141.50
138.50 142.00
138.00 142.00
137.50 142.50
137.00 143.00
136.50 143.00
136.00 143.00
135.50 143.50
135.00 143.50
134.50 143.50
134.00 144.00
133.50 144.00
133.00 144.00
132.50 144.00
132.00 144.00
131.50 144.00
131.00 144.00
130.50 144.00
130.00 144.00
129.50 144.00
129.00 144.00
128.50 144.00
128.00 144.00
127.50 144.00
127.00 144.00
126.50 143.50
126.00 143.50
125.50 143.50
125.00 143.50
124.50 143.00
124.00 143.00
123.50 142.50
123.00 142.00
122.50 142.00
122.00 141.50
122.00 141.00
121.50 140.50
121.00 140.00
121.00 139.50
121.00 139.00
121.00 138.50
120.50 138.00
120.50 137.50
120.50 137.00
120.50 136.50
120.00 136.00
120.00 135.50
120.00 135.00
120.00 134.50
120.00 134.00
120.00 133.50
120.00 133.00
120.00 132.50
120.00 132.00
120.00 131.50
120.00 131.00
120.00 130.50
120.00 130.00
120.00 129.50
120.00 129.00
120.50 128.50
120.50 128.00
120.50 127.50
120.50 127.00
121.00 126.50
121.00 126.00
121.50 125.50
122.00 125.00
122.00 124.50
122.50 124.00
123.00 123.50
123.00 123.00
123.50 122.50
124.00 122.50
124.50 122.00
125.00 121.50
125.50 121.00
126.00 121.00
126.50 120.50
127.00 120.00
127.50 120.00
128.00 119.50
128.50 119.50
129.00 119.00
129.50 119.00
130.00 119.00
130.50 118.50
131.00 118.50
131.50 118.50
132.00 118.00
132.50 118.00
133.00 118.00
133.50 118.00
134.00 118.00
134.50 118.00
135.00 118.00
135.50 118.00
136.00 118.00
136.50 118.00
137.00 118.00
137.50 118.00
138.00 118.00
138.50 118.00
139.00 118.00
139.50 118.50
140.00 118.50
140.50 118.50
141.00 119.00
141.50 119.00
142.00 119.50
142.50 119.50
143.00 120.00
143.00 120.50
143.50 121.00
144.00 121.50
144.50 122.00
