125.50 118.00
126.00 118.00
126.50 118.50
127.00 118.50
127.50 119.00
128.00 119.50
128.50 120.00
128.50 120.50
129.00 121.00
129.00 121.50
129.00 122.00
129.00 122.50
129.00 123.00
129.00 123.50
128.50 124.00
128.50 124.50
128.00 125.00
127.50 125.50
127.00 125.50
126.50 125.50
126.00 125.50
125.50 125.50
125.00 125.50
124.50 125.00
124.00 125.00
123.50 124.50
123.00 124.00
123.00 123.50
123.00 123.00
122.50 122.50
122.50 122.00
122.50 121.50
122.50 121.00
122.50 120.50
122.50 120.00
122.50 119.50
122.50 119.00
123.00 118.50
123.50 118.00
124.00 118.00
124.50 118.00
125.00 118.00
