149.00 116.00
149.00 116.50
149.50 117.00
149.50 117.50
149.50 118.00
150.00 118.50
150.00 119.00
150.00 119.50
150.00 120.00
150.00 120.50
150.50 121.00
150.50 121.50
150.50 122.00
150.50 122.50
151.00 123.00
151.00 123.50
151.00 124.00
151.00 124.50
151.00 125.00
151.00 125.50
151.00 126.00
151.00 126.50
151.00 127.00
151.00 127.50
151.00 128.00
151.00 128.50
150.50 129.00
150.50 129.50
150.50 130.00
150.50 130.50
150.50 131.00
150.00 131.50
150.00 132.00
149.50 132.50
149.50 133.00
149.00 133.50
149.00 134.00
148.50 134.50
148.00 135.00
148.00 135.50
147.50 136.00
147.00 136.50
146.50 137.00
146.00 137.50
145.50 138.00
145.00 138.50
144.50 138.50
144.00 139.00
143.50 139.00
143.00 139.50
142.50 139.50
142.00 140.00
141.50 140.00
141.00 140.50
140.50 140.50
140.00 140.50
139.50 141.00
139.00 141.00
138.50 141.50
138.00 141.50
137.50 141.50
137.00 141.50
136.50 142.00
136.00 142.00
135.50 142.00
135.00 142.00
134.50 142.50
134.00 142.00
133.50 141.50
133.00 141.50
132.50 142.00
132.00 142.00
131.50 142.00
131.00 142.00
130.50 142.00
130.00 142.00
129.50 142.00
129.00 142.00
128.50 142.00
128.00 142.00
127.50 142.00
127.00 142.00
126.50 142.00
126.00 142.00
125.50 142.00
125.00 142.00
124.50 142.00
124.00 142.00
123.50 142.00
123.00 142.00
122.50 141.50
122.00 141.50
121.50 141.50
121.00 141.50
120.50 141.50
120.00 141.00
119.50 141.00
119.00 141.00
118.50 140.50
118.00 140.50
117.50 140.50
117.00 140.00
116.50 139.50
116.00 139.50
115.50 139.00
115.00 138.50
114.50 138.00
114.00 137.50
113.50 137.00
113.00 136.50
113.00 136.00
112.50 135.50
112.00 135.00
112.00 134.50
112.00 134.00
111.50 133.50
111.50 133.00
111.00 132.50
111.00 132.00
111.00 131.50
111.00 131.00
110.50 130.50
110.50 130.00
110.50 129.50
110.50 129.00
110.50 128.50
110.50 128.00
110.50 127.50
110.50 127.00
110.50 126.50
110.50 126.00
110.50 125.50
110.50 125.00
111.00 124.50
111.00 124.00
111.00 123.50
111.50 123.00
111.50 122.50
112.00 122.00
112.00 121.50
112.50 121.00
112.50 120.50
113.00 120.00
113.00 119.50
113.50 119.00
113.50 118.50
114.00 118.00
114.50 117.50
115.00 117.00
115.00 116.50
115.50 116.00
115.50 115.50
116.00 115.00
116.50 114.50
117.00 114.00
117.50 113.50
118.00 113.00
118.50 112.50
119.00 112.00
119.50 111.50
120.00 111.00
120.50 111.00
121.00 110.50
121.50 110.00
122.00 109.50
122.50 109.50
123.00 109.00
123.50 109.00
124.00 108.50
124.50 108.50
125.00 108.00
125.50 108.00
126.00 107.50
126.50 107.50
127.00 107.50
127.50 107.50
128.00 107.00
128.50 107.00
129.00 107.00
129.50 107.00
130.00 106.50
130.50 106.50
131.00 106.50
131.50 106.50
132.00 106.50
132.50 106.00
133.00 106.00
133.50 106.00
134.00 106.00
134.50 106.00
135.00 106.00
135.50 106.00
136.00 106.00
136.50 106.00
137.00 106.00
137.50 106.50
138.00 106.50
138.50 106.50
139.00 106.50
139.50 106.50
140.00 107.00
140.50 107.00
141.00 107.00
141.50 107.50
142.00 108.00
142.50 108.00
143.00 108.50
143.50 109.00
144.00 109.50
144.50 110.00
145.00 110.50
145.50 111.00
146.00 111.50
146.50 112.00
146.50 112.50
147.00 113.00
147.00 113.50
147.50 114.00
148.00 114.50
148.00 115.00
148.50 115.50
