125.00 139.00
124.50 139.00
124.00 138.50
123.50 138.50
123.00 138.50
122.50 138.00
122.00 138.00
121.50 137.50
121.00 137.00
120.50 136.50
120.00 136.00
119.50 136.00
119.00 135.50
119.00 135.00
118.50 134.50
118.00 134.00
118.00 133.50
117.50 133.00
117.50 132.50
117.00 132.00
117.00 131.50
117.00 131.00
117.00 130.50
117.00 130.00
117.00 129.50
117.00 129.00
117.00 128.50
117.00 128.00
117.00 127.50
117.00 127.00
117.50 126.50
117.50 126.00
118.00 125.50
118.00 125.00
118.50 124.50
119.00 124.00
119.00 123.50
119.50 123.00
120.00 122.50
120.50 122.00
121.00 121.50
121.50 121.50
122.00 121.00
122.50 120.50
123.00 120.50
123.50 120.50
124.00 120.50
124.50 120.00
125.00 120.00
125.50 120.00
126.00 120.00
126.50 120.00
127.00 120.00
127.50 120.00
128.00 120.00
128.50 120.00
129.00 120.00
129.50 120.00
130.00 120.50
130.50 120.50
131.00 120.50
131.50 120.50
132.00 121.00
132.50 121.00
133.00 121.00
133.50 121.50
134.00 121.50
134.50 121.50
135.00 122.00
135.50 122.00
136.00 122.50
136.50 123.00
137.00 123.50
137.00 124.00
137.50 124.50
137.50 125.00
137.50 125.50
137.50 126.00
137.50 126.50
137.50 127.00
137.50 127.50
137.50 128.00
137.00 128.50
137.00 129.00
137.00 129.50
136.50 130.00
136.50 130.50
136.00 131.00
136.00 131.50
136.00 132.00
135.50 132.50
135.50 133.00
135.00 133.50
135.00 134.00
134.50 134.50
134.00 135.00
134.00 135.50
133.50 136.00
133.00 136.50
132.50 137.00
132.00 137.50
131.50 137.50
131.00 138.00
130.50 138.50
130.00 138.50
129.50 138.50
129.00 139.00
128.50 139.00
128.00 139.00
127.50 139.00
127.00 139.00
126.50 139.00
126.00 139.00
125.50 139.00
