114.50 104.50
115.00 104.50
115.50 104.00
116.00 104.00
116.50 103.50
117.00 103.50
117.50 103.00
118.00 103.00
118.50 102.50
119.00 102.50
119.50 102.00
120.00 101.50
120.50 101.50
121.00 101.50
121.50 101.00
122.00 101.00
122.50 100.50
123.00 100.50
123.50 100.00
124.00 100.00
124.50 99.50
125.00 99.50
125.50 99.50
126.00 99.50
126.50 99.00
127.00 99.00
127.50 99.00
128.00 99.00
128.50 99.00
129.00 99.00
129.50 99.00
130.00 99.00
130.50 99.00
131.00 99.00
131.50 99.50
132.00 99.50
132.50 99.50
133.00 100.00
133.50 100.00
134.00 100.00
134.50 100.50
135.00 100.50
135.50 101.00
136.00 101.00
136.50 101.50
137.00 101.50
137.50 102.00
138.00 102.00
138.50 102.50
139.00 103.00
139.50 103.00
140.00 103.50
140.50 104.00
141.00 104.00
141.50 104.50
142.00 105.00
142.50 105.50
143.00 106.00
143.50 106.50
144.00 107.00
144.50 107.50
145.00 108.00
145.50 108.50
146.00 109.00
146.00 109.50
146.50 110.00
147.00 110.50
147.50 111.00
147.50 111.50
148.00 112.00
148.00 112.50
148.50 113.00
148.50 113.50
149.00 114.00
149.00 114.50
149.00 115.00
149.00 115.50
149.50 116.00
149.50 116.50
149.50 117.00
149.50 117.50
149.50 118.00
149.50 118.50
149.50 119.00
149.50 119.50
149.50 120.00
149.50 120.50
149.50 121.00
149.50 121.50
149.00 122.00
149.00 122.50
149.00 123.00
149.00 123.50
148.50 124.00
148.50 124.50
148.50 125.00
148.50 125.50
148.00 126.00
148.00 126.50
148.00 127.00
148.00 127.50
147.50 128.00
147.50 128.50
147.50 129.00
147.50 129.50
147.00 130.00
147.00 130.50
147.00 131.00
146.50 131.50
146.50 132.00
146.50 132.50
146.50 133.00
146.00 133.50
146.00 134.00
145.50 134.50
145.50 135.00
145.50 135.50
145.00 136.00
145.00 136.50
144.50 137.00
144.50 137.50
144.00 138.00
143.50 138.50
143.00 139.00
142.50 139.50
142.00 140.00
141.50 140.50
141.00 140.50
140.50 140.50
140.00 141.00
139.50 141.00
139.00 141.00
138.50 141.50
138.00 141.50
137.50 141.50
137.00 141.50
136.50 141.50
136.00 142.00
135.50 142.00
135.00 142.00
134.50 142.00
134.00 142.00
133.50 142.00
133.00 142.00
132.50 142.00
132.00 142.50
131.50 142.50
131.00 142.50
130.50 142.50
130.00 142.50
129.50 142.50
129.00 142.50
128.50 142.50
128.00 143.00
127.50 143.00
127.00 143.00
126.50 143.00
126.00 143.00
125.50 143.00
125.00 143.00
124.50 143.00
124.00 143.00
123.50 143.00
123.00 143.00
122.50 143.00
122.00 143.00
121.50 143.00
121.00 143.00
120.50 143.00
120.00 142.50
119.50 142.50
119.00 142.50
118.50 142.00
118.00 141.50
117.50 141.50
117.00 141.50
116.50 141.00
116.00 140.50
115.50 140.00
115.00 139.50
114.50 139.50
114.00 139.00
113.50 138.50
113.00 138.00
112.50 137.50
112.00 137.00
111.50 136.50
111.00 136.00
111.00 135.50
110.50 135.00
110.00 134.50
109.50 134.00
109.00 133.50
109.00 133.00
109.00 132.50
108.50 132.00
108.00 131.50
107.50 131.00
107.50 130.50
107.50 130.00
107.00 129.50
107.00 129.00
107.00 128.50
106.50 128.00
106.50 127.50
106.00 127.00
106.00 126.50
105.50 126.00
105.50 125.50
105.50 125.00
105.50 124.50
105.50 124.00
105.00 123.50
105.00 123.00
105.00 122.50
105.00 122.00
105.00 121.50
105.00 121.00
105.00 120.50
105.00 120.00
105.00 119.50
105.00 119.00
105.00 118.50
105.00 118.00
105.50 117.50
105.50 117.00
105.50 116.50
106.00 116.00
106.00 115.50
106.00 115.00
106.50 114.50
106.50 114.00
107.00 113.50
107.00 113.00
107.50 112.50
107.50 112.00
107.50 111.50
108.00 111.00
108.00 110.50
108.50 110.00
108.50 109.50
108.50 109.00
109.00 108.50
109.50 108.00
109.50 107.50
110.00 107.00
110.50 106.50
111.00 106.00
111.50 106.00
112.00 105.50
112.50 105.00
113.00 105.00
113.50 105.00
114.00 104.50
