121.00 86.50
121.50 86.50
122.00 86.50
122.50 86.50
123.00 86.50
123.50 86.50
124.00 86.50
124.50 86.50
125.00 87.00
125.50 87.00
126.00 87.00
126.50 87.00
127.00 87.50
127.50 87.50
128.00 87.50
128.50 88.00
129.00 88.00
129.50 88.50
130.00 89.00
130.50 89.00
131.00 89.50
131.50 90.00
132.00 90.50
132.50 91.00
133.00 91.50
133.00 92.00
133.50 92.50
134.00 93.00
134.00 93.50
134.00 94.00
134.50 94.50
134.50 95.00
134.50 95.50
134.50 96.00
135.00 96.50
135.00 97.00
135.00 97.50
135.00 98.00
135.00 98.50
135.00 99.00
135.00 99.50
135.00 100.00
135.00 100.50
135.00 101.00
135.00 101.50
135.00 102.00
135.00 102.50
135.50 103.00
135.50 103.50
135.50 104.00
135.50 104.50
135.50 105.00
135.50 105.50
135.50 106.00
135.50 106.50
135.00 107.00
135.00 107.50
135.00 108.00
135.00 108.50
134.50 109.00
134.50 109.50
134.50 110.00
134.00 110.50
134.00 111.00
133.50 111.50
133.00 112.00
132.50 112.50
132.00 113.00
131.50 113.00
131.00 113.50
130.50 113.50
130.00 114.00
129.50 114.00
129.00 114.50
128.50 114.50
128.00 114.50
127.50 114.50
127.00 114.50
126.50 115.00
126.00 115.00
125.50 115.00
125.00 115.00
124.50 115.00
124.00 115.00
123.50 115.00
123.00 115.00
122.50 115.00
122.00 115.00
121.50 115.00
121.00 115.00
120.50 115.00
120.00 115.00
119.50 115.00
119.00 115.00
118.50 114.50
118.00 114.50
117.50 114.50
117.00 114.50
116.50 114.50
116.00 114.00
115.50 114.00
115.00 114.00
114.50 114.00
114.00 113.50
113.50 113.50
113.00 113.50
112.50 113.00
112.00 113.00
111.50 113.00
111.00 112.50
110.50 112.50
110.00 112.00
109.50 112.00
109.00 112.00
108.50 111.50
108.00 111.00
107.50 111.00
107.00 111.00
106.50 110.50
106.00 110.50
105.50 110.00
105.00 109.50
105.00 109.00
104.50 108.50
104.00 108.00
104.00 107.50
103.50 107.00
103.50 106.50
103.50 106.00
103.50 105.50
103.50 105.00
103.50 104.50
104.00 104.00
104.00 103.50
104.00 103.00
104.50 102.50
104.50 102.00
104.50 101.50
105.00 101.00
105.00 100.50
105.50 100.00
105.50 99.50
105.50 99.00
106.00 98.50
106.00 98.00
106.50 97.50
106.50 97.00
107.00 96.50
107.00 96.00
107.50 95.50
107.50 95.00
108.00 94.50
108.00 94.00
108.50 93.50
108.50 93.00
109.00 92.50
109.50 92.00
109.50 91.50
110.00 91.00
110.50 90.50
111.00 90.00
111.50 89.50
112.00 89.50
112.50 89.00
113.00 88.50
113.50 88.50
114.00 88.00
114.50 88.00
115.00 87.50
115.50 87.50
116.00 87.50
116.50 87.00
117.00 87.00
117.50 87.00
118.00 87.00
118.50 87.00
119.00 87.00
119.50 87.00
120.00 87.00
120.50 87.00
