129.00 118.00
129.00 117.50
129.00 117.00
129.00 116.50
129.50 116.00
129.50 115.50
129.50 115.00
129.50 114.50
130.00 114.00
130.00 113.50
130.50 113.00
131.00 112.50
131.50 112.50
132.00 112.50
132.50 112.00
133.00 112.50
133.50 112.50
134.00 112.50
134.50 112.50
135.00 112.50
135.50 112.50
136.00 112.50
136.50 112.50
137.00 112.50
137.50 112.50
138.00 112.50
138.50 112.50
139.00 112.50
139.50 112.50
140.00 113.00
140.50 113.00
141.00 113.50
141.50 114.00
142.00 114.50
142.50 115.00
142.50 115.50
143.00 116.00
143.00 116.50
143.00 117.00
143.00 117.50
143.50 118.00
143.50 118.50
143.50 119.00
143.00 119.50
143.00 120.00
143.00 120.50
143.00 121.00
142.50 121.50
142.50 122.00
142.00 122.50
142.00 123.00
141.50 123.50
141.00 124.00
140.50 124.50
140.00 125.00
139.50 125.00
139.00 125.50
138.50 125.50
138.00 126.00
137.50 126.00
137.00 126.00
136.50 126.00
136.00 126.00
135.50 126.00
135.00 125.50
134.50 125.50
134.00 125.50
133.50 125.00
133.00 125.00
132.50 124.50
132.00 124.50
131.50 124.50
131.00 124.00
130.50 124.00
130.00 124.00
129.50 123.50
129.00 123.00
129.00 122.50
128.50 122.00
128.50 121.50
128.50 121.00
128.50 120.50
128.50 120.00
129.00 119.50
129.00 119.00
129.00 118.50
