118.00 104.00
118.50 103.50
119.00 103.00
119.50 102.50
120.00 102.00
120.50 101.50
121.00 101.00
121.50 100.50
122.00 100.00
122.50 99.50
123.00 99.50
123.50 99.00
124.00 99.00
124.50 98.50
125.00 98.50
125.50 98.50
126.00 98.50
126.50 98.00
127.00 98.00
127.50 98.00
128.00 98.00
128.50 98.00
129.00 98.00
129.50 98.00
130.00 98.00
130.50 98.50
131.00 98.50
131.50 98.50
132.00 99.00
132.50 99.00
133.00 99.00
133.50 99.50
134.00 99.50
134.50 99.50
135.00 100.00
135.50 100.00
136.00 100.50
136.50 100.50
137.00 101.00
137.50 101.50
138.00 101.50
138.50 102.00
139.00 102.00
139.50 102.50
140.00 103.00
140.50 103.00
141.00 103.50
141.50 104.00
142.00 104.00
142.50 104.50
143.00 105.00
143.50 105.50
144.00 106.00
144.50 106.00
145.00 106.50
145.50 107.00
146.00 107.50
146.50 108.00
147.00 108.50
147.00 109.00
147.50 109.50
148.00 110.00
148.00 110.50
148.50 111.00
149.00 111.50
149.00 112.00
149.50 112.50
150.00 113.00
150.00 113.50
150.00 114.00
150.50 114.50
150.50 115.00
150.50 115.50
151.00 116.00
151.00 116.50
151.00 117.00
151.00 117.50
151.00 118.00
151.00 118.50
151.50 119.00
151.50 119.50
151.50 120.00
151.50 120.50
151.50 121.00
151.50 121.50
151.00 122.00
151.00 122.50
151.00 123.00
151.00 123.50
151.00 124.00
151.00 124.50
151.00 125.00
150.50 125.50
150.50 126.00
150.50 126.50
150.00 127.00
150.00 127.50
150.00 128.00
149.50 128.50
149.00 129.00
149.00 129.50
149.00 130.00
148.50 130.50
148.50 131.00
148.00 131.50
147.50 132.00
147.00 132.50
146.50 133.00
146.50 133.50
146.00 134.00
145.50 134.50
145.00 135.00
144.50 135.00
144.00 135.50
143.50 136.00
143.00 136.50
142.50 137.00
142.00 137.00
141.50 137.00
141.00 137.50
140.50 138.00
140.00 138.00
139.50 138.50
139.00 138.50
138.50 138.50
138.00 138.50
137.50 139.00
137.00 139.00
136.50 139.00
136.00 139.00
135.50 139.00
135.00 139.00
134.50 139.00
134.00 139.00
133.50 139.00
133.00 139.00
132.50 139.00
132.00 139.00
131.50 139.00
131.00 139.00
130.50 139.00
130.00 138.50
129.50 138.50
129.00 138.50
128.50 138.00
128.00 138.00
127.50 138.00
127.00 137.50
126.50 137.50
126.00 137.50
125.50 137.00
125.00 137.00
124.50 137.00
124.00 136.50
123.50 136.50
123.00 136.00
122.50 135.50
122.00 135.00
121.50 135.00
121.00 134.50
120.50 134.50
120.00 134.00
119.50 133.50
119.00 133.00
119.00 132.50
118.50 132.00
118.00 131.50
117.50 131.00
117.00 130.50
117.00 130.00
116.50 129.50
116.00 129.00
116.00 128.50
116.00 128.00
115.50 127.50
115.50 127.00
115.00 126.50
115.00 126.00
114.50 125.50
114.50 125.00
114.50 124.50
114.00 124.00
114.00 123.50
114.00 123.00
114.00 122.50
113.50 122.00
113.50 121.50
113.50 121.00
113.50 120.50
113.50 120.00
113.00 119.50
113.00 119.00
113.00 118.50
113.00 118.00
113.00 117.50
113.00 117.00
112.50 116.50
112.50 116.00
112.50 115.50
112.50 115.00
112.50 114.50
112.50 114.00
112.50 113.50
112.50 113.00
112.50 112.50
113.00 112.00
113.00 111.50
113.00 111.00
113.00 110.50
113.50 110.00
113.50 109.50
114.00 109.00
114.00 108.50
114.50 108.00
115.00 107.50
115.50 107.00
115.50 106.50
116.00 106.00
116.50 105.50
117.00 105.00
117.50 104.50
