145.00 135.50
144.50 135.50
144.00 135.50
143.50 135.50
143.00 136.00
142.50 136.00
142.00 136.00
141.50 136.00
141.00 136.00
140.50 136.00
140.00 136.00
139.50 136.00
139.00 136.00
138.50 135.50
138.00 135.50
137.50 135.50
137.00 135.50
136.50 135.50
136.00 135.00
135.50 135.00
135.00 135.00
134.50 134.50
134.00 134.50
133.50 134.00
133.00 134.00
132.50 133.50
132.00 133.00
131.50 132.50
131.00 132.00
131.00 131.50
130.50 131.00
130.00 130.50
130.00 130.00
129.50 129.50
129.50 129.00
129.00 128.50
129.00 128.00
129.00 127.50
128.50 127.00
128.50 126.50
128.50 126.00
128.00 125.50
128.00 125.00
128.00 124.50
128.00 124.00
128.00 123.50
128.00 123.00
128.00 122.50
127.50 122.00
127.50 121.50
127.50 121.00
127.50 120.50
127.50 120.00
127.50 119.50
127.50 119.00
127.50 118.50
127.50 118.00
127.50 117.50
128.00 117.00
128.00 116.50
128.00 116.00
128.00 115.50
128.00 115.00
128.50 114.50
128.50 114.00
128.50 113.50
128.50 113.00
129.00 112.50
129.00 112.00
129.50 111.50
129.50 111.00
130.00 110.50
130.50 110.00
130.50 109.50
131.00 109.00
131.50 108.50
132.00 108.00
132.50 107.50
133.00 107.00
133.50 106.50
134.00 106.00
134.50 105.50
135.00 105.50
135.50 105.00
136.00 104.50
136.50 104.50
137.00 104.00
137.50 104.00
138.00 103.50
138.50 103.50
139.00 103.50
139.50 103.00
140.00 103.00
140.50 103.00
141.00 103.00
141.50 103.00
142.00 103.00
142.50 103.00
143.00 103.00
143.50 103.00
144.00 103.00
144.50 103.00
145.00 103.00
145.50 103.00
146.00 103.50
146.50 103.50
147.00 103.50
147.50 103.50
148.00 104.00
148.50 104.00
149.00 104.00
149.50 104.50
150.00 104.50
150.50 104.50
151.00 104.50
151.50 105.00
152.00 105.00
152.50 105.00
153.00 105.50
153.50 105.50
154.00 106.00
154.50 106.00
155.00 106.50
155.50 106.50
156.00 107.00
156.50 107.00
157.00 107.50
157.50 108.00
158.00 108.50
158.50 109.00
159.00 109.50
159.50 110.00
159.50 110.50
160.00 111.00
160.00 111.50
160.50 112.00
160.50 112.50
161.00 113.00
161.00 113.50
161.00 114.00
161.00 114.50
161.50 115.00
161.50 115.50
161.50 116.00
161.50 116.50
161.50 117.00
161.50 117.50
161.50 118.00
161.50 118.50
161.50 119.00
161.50 119.50
161.50 120.00
161.50 120.50
161.50 121.00
161.00 121.50
161.00 122.00
161.00 122.50
161.00 123.00
160.50 123.50
160.50 124.00
160.50 124.50
160.00 125.00
160.00 125.50
159.50 126.00
159.50 126.50
159.00 127.00
159.00 127.50
158.50 128.00
158.50 128.50
158.00 129.00
157.50 129.50
157.00 130.00
156.50 130.50
156.00 131.00
155.50 131.50
155.00 132.00
154.50 132.00
154.00 132.50
153.50 133.00
153.00 133.00
152.50 133.50
152.00 133.50
151.50 134.00
151.00 134.00
150.50 134.00
150.00 134.50
149.50 134.50
149.00 135.00
148.50 135.00
148.00 135.00
147.50 135.00
147.00 135.00
146.50 135.50
146.00 135.50
145.50 135.50
