145.50 138.00
145.00 138.50
144.50 138.50
144.00 139.00
143.50 139.50
143.00 139.50
142.50 139.50
142.00 140.00
141.50 140.00
141.00 140.50
140.50 140.50
140.00 141.00
139.50 141.00
139.00 141.00
138.50 141.00
138.00 141.00
137.50 141.00
137.00 141.00
136.50 141.00
136.00 141.00
135.50 140.50
135.00 140.50
134.50 140.50
134.00 140.00
133.50 140.00
133.00 139.50
132.50 139.50
132.00 139.00
131.50 138.50
131.00 138.50
130.50 138.00
130.00 137.50
129.50 137.00
129.00 136.50
128.50 136.00
128.00 135.50
127.50 135.00
127.50 134.50
127.00 134.00
127.00 133.50
126.50 133.00
126.50 132.50
126.00 132.00
126.00 131.50
126.00 131.00
125.50 130.50
125.50 130.00
125.50 129.50
125.50 129.00
125.50 128.50
125.50 128.00
125.50 127.50
125.50 127.00
125.50 126.50
125.50 126.00
125.50 125.50
125.50 125.00
125.50 124.50
126.00 124.00
126.00 123.50
126.00 123.00
126.00 122.50
126.00 122.00
126.50 121.50
126.50 121.00
126.50 120.50
127.00 120.00
127.00 119.50
127.50 119.00
127.50 118.50
128.00 118.00
128.00 117.50
128.50 117.00
129.00 116.50
129.50 116.00
130.00 116.00
130.50 116.00
131.00 115.50
131.50 115.00
132.00 115.00
132.50 114.50
133.00 114.50
133.50 114.00
134.00 114.00
134.50 113.50
135.00 113.50
135.50 113.50
136.00 113.00
136.50 113.00
137.00 113.00
137.50 112.50
138.00 112.50
138.50 112.50
139.00 112.50
139.50 112.50
140.00 112.50
140.50 112.50
141.00 112.50
141.50 112.50
142.00 112.50
142.50 112.50
143.00 112.50
143.50 112.50
144.00 112.50
144.50 112.50
145.00 112.50
145.50 112.50
146.00 112.50
146.50 112.50
147.00 112.50
147.50 113.00
148.00 113.00
148.50 113.00
149.00 113.00
149.50 113.00
150.00 113.50
150.50 113.50
151.00 113.50
151.50 113.50
152.00 113.50
152.50 114.00
153.00 114.00
153.50 114.50
154.00 114.50
154.50 115.00
155.00 115.00
155.50 115.50
156.00 116.00
156.00 116.50
156.00 117.00
156.50 117.50
156.50 118.00
156.50 118.50
156.50 119.00
156.50 119.50
156.50 120.00
156.50 120.50
156.50 121.00
156.50 121.50
156.50 122.00
156.50 122.50
156.50 123.00
156.50 123.50
156.50 124.00
156.50 124.50
156.50 125.00
156.00 125.50
156.00 126.00
156.00 126.50
156.00 127.00
155.50 127.50
155.50 128.00
155.50 128.50
155.00 129.00
154.50 129.50
154.50 130.00
154.00 130.50
153.50 131.00
153.00 131.50
152.50 132.00
152.00 132.50
151.50 133.00
151.00 133.50
150.50 134.00
150.00 134.50
149.50 135.00
149.00 135.50
148.50 135.50
148.00 136.00
147.50 136.50
147.00 136.50
146.50 137.00
146.00 137.50
