129.00 127.50
128.50 127.00
128.50 126.50
128.50 126.00
128.50 125.50
128.50 125.00
128.50 124.50
128.50 124.00
128.50 123.50
128.50 123.00
128.50 122.50
128.50 122.00
128.50 121.50
128.50 121.00
129.00 120.50
129.00 120.00
129.00 119.50
129.50 119.00
129.50 118.50
129.50 118.00
130.00 117.50
130.00 117.00
130.50 116.50
130.50 116.00
131.00 115.50
131.50 116.00
132.00 115.50
132.00 115.00
132.50 114.50
133.00 114.50
133.50 114.00
134.00 113.50
134.50 113.50
135.00 113.00
135.50 113.00
136.00 112.50
136.50 112.50
137.00 112.50
137.50 112.00
138.00 112.00
138.50 112.00
139.00 112.00
139.50 111.50
140.00 111.50
140.50 111.50
141.00 111.50
141.50 111.50
142.00 111.50
142.50 111.50
143.00 111.50
143.50 111.50
144.00 112.00
144.50 112.00
145.00 112.00
145.50 112.50
146.00 112.50
146.50 113.00
147.00 113.00
147.50 113.50
148.00 114.00
148.50 114.50
148.50 115.00
149.00 115.50
149.00 116.00
149.50 116.50
149.50 117.00
150.00 117.50
150.00 118.00
150.00 118.50
150.00 119.00
150.00 119.50
150.00 120.00
150.00 120.50
150.00 121.00
150.00 121.50
149.50 122.00
149.50 122.50
149.50 123.00
149.50 123.50
149.50 124.00
149.50 124.50
149.00 125.00
149.00 125.50
149.00 126.00
148.50 126.50
148.50 127.00
148.00 127.50
147.50 128.00
147.50 128.50
147.00 129.00
146.50 129.50
146.00 130.00
145.50 130.00
145.00 130.50
144.50 131.00
144.00 131.50
143.50 132.00
143.00 132.00
142.50 132.00
142.00 132.50
141.50 132.50
141.00 133.00
140.50 133.00
140.00 133.00
139.50 133.50
139.00 133.50
138.50 133.50
138.00 133.50
137.50 133.50
137.00 133.50
136.50 133.50
136.00 133.00
135.50 133.00
135.00 133.00
134.50 132.50
134.00 132.50
133.50 132.50
133.00 132.00
132.50 131.50
132.00 131.00
131.50 130.50
131.00 130.00
131.00 129.50
130.50 129.00
130.00 128.50
130.00 128.00
129.50 127.50
