132.50 139.00
132.00 139.00
131.50 139.00
131.00 139.00
130.50 139.00
130.00 139.00
129.50 138.50
129.00 138.50
128.50 138.50
128.00 138.00
127.50 138.00
127.00 137.50
126.50 137.50
126.00 137.00
125.50 136.50
125.00 136.50
124.50 136.00
124.00 135.50
123.50 135.00
123.50 134.50
123.00 134.00
122.50 133.50
122.00 133.00
121.50 132.50
121.50 132.00
121.00 131.50
120.50 131.00
120.50 130.50
120.50 130.00
120.00 129.50
120.00 129.00
120.00 128.50
119.50 128.00
119.50 127.50
119.50 127.00
119.00 126.50
119.00 126.00
119.00 125.50
119.00 125.00
119.00 124.50
119.00 124.00
119.00 123.50
119.00 123.00
119.00 122.50
119.00 122.00
119.00 121.50
119.00 121.00
119.00 120.50
119.00 120.00
119.00 119.50
119.00 119.00
119.50 118.50
119.50 118.00
119.50 117.50
119.50 117.00
120.00 116.50
120.00 116.00
120.50 115.50
120.50 115.00
120.50 114.50
121.00 114.00
121.00 113.50
121.50 113.00
121.50 112.50
122.00 112.00
122.50 111.50
123.00 111.00
123.50 111.00
124.00 110.50
124.50 110.00
125.00 110.00
125.50 110.00
126.00 110.00
126.50 109.50
127.00 109.50
127.50 109.50
128.00 109.50
128.50 109.50
129.00 110.00
129.50 110.00
130.00 110.00
130.50 110.00
131.00 110.00
131.50 110.50
132.00 110.50
132.50 110.50
133.00 111.00
133.50 111.00
134.00 111.50
134.50 111.50
135.00 111.50
135.50 112.00
136.00 112.50
136.50 112.50
137.00 113.00
137.50 113.00
138.00 113.50
138.50 114.00
139.00 114.00
139.50 114.50
139.50 115.00
140.00 115.50
140.50 116.00
141.00 116.50
141.50 117.00
141.50 117.50
142.00 118.00
142.50 118.50
142.50 119.00
142.50 119.50
143.00 120.00
143.00 120.50
143.00 121.00
143.50 121.50
143.50 122.00
143.50 122.50
143.50 123.00
143.50 123.50
143.50 124.00
143.50 124.50
143.50 125.00
143.50 125.50
144.00 126.00
144.00 126.50
144.00 127.00
144.00 127.50
143.50 128.00
143.50 128.50
143.50 129.00
143.50 129.50
143.50 130.00
143.50 130.50
143.00 131.00
143.00 131.50
143.00 132.00
143.00 132.50
142.50 133.00
142.50 133.50
142.00 134.00
141.50 134.50
141.50 135.00
141.00 135.50
140.50 136.00
140.00 136.50
139.50 136.50
139.00 137.00
138.50 137.00
138.00 137.50
137.50 137.50
137.00 137.50
136.50 138.00
136.00 138.00
135.50 138.00
135.00 138.00
134.50 138.00
134.00 138.50
133.50 138.50
133.00 138.50
