136.50 122.00
137.00 121.50
137.50 121.00
138.00 120.50
138.50 120.50
139.00 120.00
139.50 120.00
140.00 119.50
140.50 119.50
141.00 119.50
141.50 119.50
142.00 119.50
142.50 119.50
143.00 120.00
143.50 120.00
144.00 120.00
144.50 120.00
145.00 120.50
145.00 121.00
145.50 121.50
146.00 122.00
146.50 122.50
147.00 123.00
147.50 123.50
148.00 124.00
148.00 124.50
148.00 125.00
148.50 125.50
148.50 126.00
148.50 126.50
148.50 127.00
148.50 127.50
148.50 128.00
148.50 128.50
148.00 129.00
147.50 129.50
147.00 130.00
146.50 130.50
146.00 131.00
145.50 131.00
145.00 131.50
144.50 131.50
144.00 131.50
143.50 132.00
143.00 132.00
142.50 132.00
142.00 132.00
141.50 132.00
141.00 131.50
140.50 131.50
140.00 131.50
139.50 131.50
139.00 131.00
138.50 130.50
138.00 130.00
137.50 129.50
137.50 129.00
137.00 128.50
137.00 128.00
137.00 127.50
136.50 127.00
136.50 126.50
136.00 126.00
136.00 125.50
135.50 125.00
135.50 124.50
135.50 124.00
135.50 123.50
136.00 123.00
136.00 122.50
