123.50 130.50
123.00 130.00
122.50 129.50
122.00 129.50
121.50 129.00
121.00 128.50
120.50 128.00
120.00 127.50
120.00 127.00
120.00 126.50
120.00 126.00
120.00 125.50
120.00 125.00
120.00 124.50
120.00 124.00
120.00 123.50
120.00 123.00
120.00 122.50
120.50 122.00
120.50 121.50
121.00 121.00
121.50 120.50
122.00 120.00
122.50 119.50
123.00 119.00
123.50 119.00
124.00 119.00
124.50 118.50
125.00 118.50
125.50 118.50
126.00 118.50
126.50 118.50
127.00 118.50
127.50 119.00
128.00 119.00
128.50 119.00
129.00 119.50
129.50 119.50
130.00 120.00
130.50 120.50
130.50 121.00
131.00 121.50
131.50 122.00
131.50 122.50
132.00 123.00
132.00 123.50
132.00 124.00
132.00 124.50
132.00 125.00
132.00 125.50
132.00 126.00
131.50 126.50
131.00 127.00
131.00 127.50
131.50 128.00
131.00 128.50
130.50 129.00
130.00 129.50
129.50 130.00
129.00 130.00
128.50 130.50
128.00 130.50
127.50 130.50
127.00 130.50
126.50 130.50
126.00 130.50
125.50 130.50
125.00 130.50
124.50 130.50
124.00 130.50
