151.00 114.00
151.00 114.50
151.50 115.00
151.50 115.50
151.50 116.00
151.50 116.50
151.50 117.00
151.50 117.50
151.50 118.00
151.50 118.50
151.50 119.00
151.50 119.50
151.50 120.00
151.50 120.50
151.50 121.00
151.50 121.50
151.50 122.00
151.00 122.50
151.00 123.00
151.00 123.50
150.50 124.00
150.50 124.50
150.50 125.00
150.00 125.50
150.00 126.00
149.50 126.50
149.50 127.00
149.00 127.50
148.50 128.00
148.50 128.50
148.00 129.00
147.50 129.00
147.00 129.50
146.50 130.00
146.00 130.50
145.50 131.00
145.00 131.00
144.50 131.50
144.00 131.50
143.50 132.00
143.00 132.00
142.50 132.50
142.00 132.50
141.50 132.50
141.00 133.00
140.50 133.00
140.00 133.00
139.50 133.00
139.00 133.00
138.50 133.00
138.00 133.00
137.50 133.00
137.00 133.00
136.50 133.00
136.00 133.00
135.50 133.00
135.00 133.00
134.50 133.00
134.00 133.00
133.50 133.00
133.00 132.50
132.50 132.50
132.00 132.50
131.50 132.00
131.00 132.00
130.50 132.00
130.00 131.50
129.50 131.50
129.00 131.00
128.50 131.00
128.00 131.00
127.50 130.50
127.00 130.50
126.50 130.00
126.00 129.50
125.50 129.00
125.00 128.50
124.50 128.00
124.00 127.50
123.50 127.00
123.50 126.50
123.00 126.00
123.00 125.50
122.50 125.00
122.50 124.50
122.50 124.00
122.00 123.50
122.00 123.00
122.00 122.50
122.00 122.00
121.50 121.50
121.50 121.00
121.50 120.50
121.50 120.00
121.50 119.50
121.50 119.00
121.50 118.50
121.50 118.00
121.50 117.50
121.50 117.00
121.50 116.50
121.50 116.00
121.50 115.50
121.50 115.00
122.00 114.50
122.00 114.00
122.00 113.50
122.00 113.00
122.50 112.50
122.50 112.00
123.00 111.50
123.00 111.00
123.00 110.50
123.50 110.00
123.50 109.50
124.00 109.00
124.50 108.50
125.00 108.00
125.50 107.50
125.50 107.00
126.00 106.50
126.50 106.50
127.00 106.00
127.50 105.50
128.00 105.00
128.50 105.00
129.00 104.50
129.50 104.50
130.00 104.00
130.50 104.00
131.00 104.00
131.50 103.50
132.00 103.50
132.50 103.50
133.00 103.50
133.50 103.50
134.00 103.50
134.50 103.50
135.00 103.50
135.50 103.50
136.00 103.50
136.50 103.50
137.00 103.50
137.50 103.50
138.00 103.50
138.50 103.50
139.00 104.00
139.50 104.00
140.00 104.00
140.50 104.00
141.00 104.00
141.50 104.50
142.00 104.50
142.50 104.50
143.00 105.00
143.50 105.00
144.00 105.50
144.50 105.50
145.00 105.50
145.50 106.00
146.00 106.00
146.50 106.50
147.00 107.00
147.50 107.50
148.00 108.00
148.50 108.50
149.00 109.00
149.00 109.50
149.50 110.00
149.50 110.50
150.00 111.00
150.50 111.50
150.50 112.00
150.50 112.50
151.00 113.00
151.00 113.50
