131.50 135.00
131.50 134.50
131.00 134.00
131.00 133.50
130.50 133.00
130.50 132.50
130.00 132.00
130.00 131.50
130.00 131.00
129.50 130.50
129.50 130.00
129.50 129.50
129.00 129.00
129.00 128.50
129.00 128.00
128.50 127.50
128.50 127.00
128.50 126.50
128.50 126.00
128.50 125.50
128.00 125.00
128.00 124.50
128.00 124.00
128.00 123.50
128.00 123.00
128.00 122.50
128.00 122.00
128.00 121.50
128.00 121.00
128.00 120.50
128.00 120.00
128.00 119.50
128.00 119.00
128.00 118.50
128.00 118.00
128.00 117.50
128.00 117.00
128.00 116.50
128.50 116.00
128.50 115.50
128.50 115.00
129.00 114.50
129.00 114.00
129.00 113.50
129.50 113.00
129.50 112.50
130.00 112.00
130.00 111.50
130.00 111.00
130.50 110.50
131.00 110.00
131.00 109.50
131.50 109.00
132.00 108.50
132.50 108.00
132.50 107.50
133.00 107.00
133.50 106.50
134.00 106.00
134.50 105.50
135.00 105.00
135.50 104.50
136.00 104.50
136.50 104.00
137.00 103.50
137.50 103.00
138.00 103.00
138.50 102.50
139.00 102.50
139.50 102.00
140.00 102.00
140.50 101.50
141.00 101.50
141.50 101.50
142.00 101.00
142.50 101.00
143.00 101.00
143.50 101.00
144.00 101.00
144.50 101.00
145.00 101.00
145.50 100.50
146.00 100.50
146.50 101.00
147.00 101.00
147.50 101.00
148.00 101.00
148.50 101.00
149.00 101.00
149.50 101.00
150.00 101.50
150.50 101.50
151.00 101.50
151.50 102.00
152.00 102.00
152.50 102.00
153.00 102.00
153.50 102.50
154.00 102.50
154.50 103.00
155.00 103.50
155.50 103.50
156.00 103.50
156.50 104.00
157.00 104.50
157.50 104.50
158.00 105.00
158.50 105.00
159.00 105.00
159.50 105.50
159.50 106.00
159.50 106.50
160.00 107.00
160.00 107.50
160.00 108.00
160.50 108.50
160.50 109.00
160.50 109.50
161.00 110.00
161.00 110.50
161.00 111.00
161.00 111.50
161.50 112.00
161.50 112.50
161.50 113.00
161.50 113.50
161.50 114.00
162.00 114.50
162.00 115.00
162.00 115.50
162.00 116.00
162.00 116.50
162.00 117.00
162.00 117.50
162.00 118.00
162.00 118.50
162.00 119.00
162.00 119.50
162.00 120.00
162.00 120.50
162.00 121.00
161.50 121.50
161.50 122.00
161.50 122.50
161.50 123.00
161.00 123.50
161.00 124.00
161.00 124.50
161.00 125.00
160.50 125.50
160.50 126.00
160.00 126.50
160.00 127.00
160.00 127.50
159.50 128.00
159.00 128.50
159.00 129.00
158.50 129.50
158.50 130.00
158.00 130.50
157.50 131.00
157.00 131.50
157.00 132.00
156.50 132.50
156.00 133.00
155.50 133.50
155.00 134.00
154.50 134.50
154.00 135.00
153.50 135.00
153.00 135.50
152.50 136.00
152.00 136.50
151.50 136.50
151.00 136.50
150.50 137.00
150.00 137.50
149.50 137.50
149.00 138.00
148.50 138.50
148.00 138.50
147.50 139.00
147.00 139.00
146.50 139.50
146.00 140.00
145.50 140.00
145.00 140.50
144.50 140.50
144.00 140.50
143.50 141.00
143.00 141.00
142.50 141.00
142.00 141.00
141.50 141.00
141.00 141.00
140.50 141.00
140.00 141.00
139.50 141.00
139.00 141.00
138.50 140.50
138.00 140.50
137.50 140.50
137.00 140.00
136.50 139.50
136.00 139.50
135.50 139.00
135.00 138.50
134.50 138.00
134.00 137.50
133.50 137.00
133.00 136.50
132.50 136.00
132.00 135.50
