160.00 122.00
160.00 122.50
160.00 123.00
160.00 123.50
159.50 124.00
159.50 124.50
159.50 125.00
159.50 125.50
159.50 126.00
159.00 126.50
159.00 127.00
159.00 127.50
159.00 128.00
158.50 128.50
158.50 129.00
158.00 129.50
158.00 130.00
158.00 130.50
157.50 131.00
157.50 131.50
157.00 132.00
157.00 132.50
156.50 133.00
156.50 133.50
156.00 134.00
155.50 134.50
155.50 135.00
155.00 135.50
154.50 136.00
154.00 136.50
153.50 137.00
153.50 137.50
153.00 138.00
152.50 138.50
152.00 139.00
151.50 139.50
151.00 140.00
150.50 140.50
150.00 141.00
149.50 141.50
149.00 141.50
148.50 142.00
148.00 142.50
147.50 142.50
147.00 143.00
146.50 143.00
146.00 143.50
145.50 143.50
145.00 144.00
144.50 144.00
144.00 144.50
143.50 144.50
143.00 145.00
142.50 145.00
142.00 145.00
141.50 145.50
141.00 145.50
140.50 145.50
140.00 145.50
139.50 146.00
139.00 146.00
138.50 146.00
138.00 146.00
137.50 146.50
137.00 146.50
136.50 146.50
136.00 146.50
135.50 146.50
135.00 146.50
134.50 147.00
134.00 147.00
133.50 147.00
133.00 147.00
132.50 147.00
132.00 147.00
131.50 147.00
131.00 147.00
130.50 147.00
130.00 147.00
129.50 147.00
129.00 147.00
128.50 147.00
128.00 147.00
127.50 146.50
127.00 146.50
126.50 146.50
126.00 146.50
125.50 146.50
125.00 146.00
124.50 146.00
124.00 146.00
123.50 145.50
123.00 145.50
122.50 145.50
122.00 145.00
121.50 144.50
121.00 144.50
120.50 144.00
120.00 143.50
119.50 143.00
119.00 143.00
118.50 142.50
118.50 142.00
118.00 141.50
117.50 141.00
117.00 140.50
116.50 140.00
116.50 139.50
116.00 139.00
115.50 138.50
115.50 138.00
115.50 137.50
115.00 137.00
115.00 136.50
114.50 136.00
114.00 135.50
114.00 135.00
113.50 134.50
113.50 134.00
113.50 133.50
113.00 133.00
113.00 132.50
112.50 132.00
112.50 131.50
112.00 131.00
112.00 130.50
112.00 130.00
111.50 129.50
111.50 129.00
111.00 128.50
111.00 128.00
111.00 127.50
111.00 127.00
110.50 126.50
110.50 126.00
110.50 125.50
110.00 125.00
110.00 124.50
110.00 124.00
110.00 123.50
109.50 123.00
109.50 122.50
109.50 122.00
109.50 121.50
109.50 121.00
109.50 120.50
109.00 120.00
109.00 119.50
109.00 119.00
109.00 118.50
109.00 118.00
109.00 117.50
109.00 117.00
108.50 116.50
108.50 116.00
108.50 115.50
108.50 115.00
108.50 114.50
108.50 114.00
108.50 113.50
108.50 113.00
108.50 112.50
108.50 112.00
108.50 111.50
108.50 111.00
108.50 110.50
108.50 110.00
109.00 109.50
109.00 109.00
109.00 108.50
109.00 108.00
109.00 107.50
109.00 107.00
109.50 106.50
109.50 106.00
109.50 105.50
110.00 105.00
110.00 104.50
110.00 104.00
110.50 103.50
110.50 103.00
111.00 102.50
111.00 102.00
111.50 101.50
112.00 101.00
112.00 100.50
112.50 100.00
113.00 100.00
113.50 99.50
113.50 99.00
114.00 98.50
114.50 98.00
115.00 98.00
115.50 97.50
116.00 97.00
116.50 97.00
117.00 96.50
117.50 96.00
118.00 96.00
118.50 95.50
119.00 95.50
119.50 95.00
120.00 95.00
120.50 94.50
121.00 94.50
121.50 94.50
122.00 94.00
122.50 94.00
123.00 94.00
123.50 94.00
124.00 93.50
124.50 93.50
125.00 93.50
125.50 93.00
126.00 93.00
126.50 93.00
127.00 93.00
127.50 93.00
128.00 93.00
128.50 93.00
129.00 93.00
129.50 93.00
130.00 93.00
130.50 93.00
131.00 93.00
131.50 93.00
132.00 93.00
132.50 93.00
133.00 93.00
133.50 93.00
134.00 93.00
134.50 93.00
135.00 93.50
135.50 93.50
136.00 93.50
136.50 93.50
137.00 93.50
137.50 94.00
138.00 94.00
138.50 94.00
139.00 94.00
139.50 94.50
140.00 94.50
140.50 94.50
141.00 95.00
141.50 95.00
142.00 95.50
142.50 95.50
143.00 96.00
143.50 96.00
144.00 96.50
144.50 96.50
145.00 96.50
145.50 97.00
146.00 97.50
146.50 97.50
147.00 98.00
147.50 98.50
148.00 98.50
148.50 99.00
149.00 99.50
149.50 99.50
150.00 100.00
150.50 100.50
151.00 101.00
151.50 101.50
152.00 102.00
152.50 102.50
153.00 103.00
153.50 103.50
154.00 104.00
154.50 104.50
155.00 105.00
155.00 105.50
155.50 106.00
156.00 106.50
156.00 107.00
156.50 107.50
157.00 108.00
157.00 108.50
157.50 109.00
157.50 109.50
158.00 110.00
158.00 110.50
158.00 111.00
158.50 111.50
158.50 112.00
158.50 112.50
159.00 113.00
159.00 113.50
159.00 114.00
159.50 114.50
159.50 115.00
159.50 115.50
159.50 116.00
159.50 116.50
160.00 117.00
160.00 117.50
160.00 118.00
160.00 118.50
160.00 119.00
160.00 119.50
160.00 120.00
160.00 120.50
160.00 121.00
160.00 121.50
