133.00 125.50
133.50 125.00
134.00 124.50
134.50 124.00
135.00 123.50
135.50 123.00
136.00 123.00
136.50 122.50
137.00 122.00
137.50 122.00
138.00 121.50
138.50 121.50
139.00 121.50
139.50 121.00
140.00 121.00
140.50 121.00
141.00 121.00
141.50 121.00
142.00 121.00
142.50 121.00
143.00 121.00
143.50 121.00
144.00 121.50
144.50 121.50
145.00 121.50
145.50 121.50
146.00 121.50
146.50 122.00
147.00 122.00
147.50 122.00
148.00 122.00
148.50 122.50
149.00 122.50
149.50 123.00
150.00 123.50
150.50 124.00
151.00 124.50
151.00 125.00
151.00 125.50
151.50 126.00
151.50 126.50
151.50 127.00
151.50 127.50
152.00 128.00
152.00 128.50
151.50 129.00
151.50 129.50
151.50 130.00
152.00 130.50
152.00 131.00
152.00 131.50
152.00 132.00
151.50 132.50
151.50 133.00
151.50 133.50
151.50 134.00
151.50 134.50
151.00 135.00
151.00 135.50
151.00 136.00
150.50 136.50
150.00 137.00
149.50 137.00
149.00 137.50
148.50 138.00
148.00 138.00
147.50 138.50
147.00 138.50
146.50 139.00
146.00 139.50
145.50 139.50
145.00 139.50
144.50 140.00
144.00 140.00
143.50 140.00
143.00 140.00
142.50 140.00
142.00 140.00
141.50 140.00
141.00 140.00
140.50 140.00
140.00 140.00
139.50 140.00
139.00 140.00
138.50 140.00
138.00 140.00
137.50 140.00
137.00 140.00
136.50 140.00
136.00 139.50
135.50 139.50
135.00 139.50
134.50 139.50
134.00 139.00
133.50 139.00
133.00 138.50
132.50 138.00
132.00 137.50
131.50 137.00
131.50 136.50
131.50 136.00
131.00 135.50
131.00 135.00
131.00 134.50
131.00 134.00
131.00 133.50
131.00 133.00
131.00 132.50
131.00 132.00
131.00 131.50
131.00 131.00
131.00 130.50
131.00 130.00
131.00 129.50
131.00 129.00
131.00 128.50
131.00 128.00
131.50 127.50
131.50 127.00
132.00 126.50
132.50 126.00
