144.00 128.50
143.50 129.00
143.00 129.50
142.50 130.00
142.00 130.50
141.50 131.00
141.00 131.50
141.00 132.00
140.50 132.50
140.00 132.50
139.50 133.00
139.00 133.50
138.50 133.50
138.00 133.50
137.50 134.00
137.00 134.00
136.50 134.00
136.00 134.00
135.50 134.00
135.00 134.00
134.50 133.50
134.00 133.50
133.50 133.50
133.00 133.00
132.50 133.00
132.00 132.50
131.50 132.00
131.00 131.50
130.50 131.00
130.00 130.50
130.00 130.00
129.50 129.50
129.50 129.00
129.50 128.50
129.50 128.00
129.50 127.50
129.50 127.00
129.50 126.50
129.50 126.00
129.50 125.50
129.50 125.00
130.00 124.50
130.00 124.00
130.00 123.50
130.50 123.00
130.00 122.50
130.00 122.00
130.00 121.50
130.50 121.00
131.00 120.50
131.50 120.00
132.00 119.50
132.50 119.00
133.00 118.50
133.50 118.00
134.00 118.00
134.50 118.00
135.00 118.00
135.50 118.00
136.00 118.00
136.50 117.50
137.00 117.50
137.50 117.50
138.00 117.50
138.50 117.50
139.00 117.50
139.50 118.00
140.00 118.00
140.50 118.00
141.00 118.00
141.50 118.50
142.00 118.50
142.50 118.50
143.00 118.50
143.50 119.00
144.00 119.00
144.50 119.50
145.00 119.50
145.50 120.00
146.00 120.50
146.50 121.00
147.00 121.50
147.50 122.00
147.50 122.50
147.50 123.00
147.50 123.50
147.50 124.00
147.50 124.50
147.00 125.00
147.00 125.50
146.50 126.00
146.00 126.50
145.50 127.00
145.00 127.50
144.50 128.00
