134.50 144.00
134.00 144.00
133.50 144.00
133.00 144.50
132.50 144.50
132.00 144.50
131.50 144.50
131.00 144.50
130.50 144.00
130.00 144.00
129.50 144.00
129.00 144.00
128.50 144.00
128.00 144.00
127.50 143.50
127.00 143.50
126.50 143.50
126.00 143.00
125.50 143.00
125.00 142.50
124.50 142.50
124.00 142.00
123.50 141.50
123.00 141.50
122.50 141.50
122.00 141.00
121.50 140.50
121.00 140.00
120.50 139.50
120.00 139.50
119.50 139.00
119.00 138.50
118.50 138.00
118.00 137.50
117.50 137.00
117.00 136.50
117.00 136.00
116.50 135.50
116.00 135.00
115.50 134.50
115.00 134.00
115.00 133.50
114.50 133.00
114.50 132.50
114.00 132.00
114.00 131.50
113.50 131.00
113.50 130.50
113.00 130.00
113.00 129.50
113.00 129.00
112.50 128.50
112.50 128.00
112.50 127.50
112.50 127.00
112.00 126.50
112.00 126.00
112.00 125.50
112.00 125.00
112.00 124.50
112.00 124.00
112.00 123.50
112.00 123.00
112.00 122.50
112.00 122.00
112.00 121.50
112.00 121.00
112.00 120.50
112.00 120.00
112.00 119.50
112.00 119.00
112.50 118.50
112.50 118.00
112.50 117.50
112.50 117.00
112.50 116.50
113.00 116.00
113.00 115.50
113.50 115.00
113.50 114.50
114.00 114.00
114.00 113.50
114.50 113.00
115.00 112.50
115.00 112.00
115.50 111.50
116.00 111.00
116.50 110.50
116.50 110.00
117.00 109.50
117.50 109.00
118.00 109.00
118.50 108.50
119.00 108.00
119.50 107.50
120.00 107.00
120.50 107.00
121.00 106.50
121.50 106.00
122.00 106.00
122.50 106.00
123.00 105.50
123.50 105.50
124.00 105.50
124.50 105.00
125.00 105.00
125.50 105.00
126.00 105.00
126.50 105.00
127.00 105.00
127.50 105.00
128.00 105.00
128.50 105.00
129.00 105.50
129.50 105.50
130.00 105.50
130.50 106.00
131.00 106.00
131.50 106.50
132.00 106.50
132.50 107.00
133.00 107.00
133.50 107.50
134.00 108.00
134.50 108.00
135.00 108.50
135.50 109.00
136.00 109.00
136.50 109.50
137.00 110.00
137.50 110.50
138.00 111.00
138.50 111.50
139.00 112.00
139.50 112.50
140.00 113.00
140.50 113.50
141.00 114.00
141.50 114.50
141.50 115.00
142.00 115.50
142.50 116.00
143.00 116.50
143.50 117.00
144.00 117.50
144.00 118.00
144.50 118.50
145.00 119.00
145.00 119.50
145.50 120.00
145.50 120.50
146.00 121.00
146.00 121.50
146.50 122.00
146.50 122.50
147.00 123.00
147.00 123.50
147.00 124.00
147.00 124.50
147.50 125.00
147.50 125.50
147.50 126.00
147.50 126.50
147.50 127.00
147.50 127.50
147.50 128.00
147.50 128.50
147.50 129.00
147.50 129.50
147.50 130.00
147.00 130.50
147.00 131.00
147.00 131.50
147.00 132.00
146.50 132.50
146.50 133.00
146.00 133.50
146.00 134.00
145.50 134.50
145.50 135.00
145.50 135.50
145.00 136.00
144.50 136.50
144.00 137.00
143.50 137.50
143.50 138.00
143.00 138.50
142.50 139.00
142.00 139.50
141.50 140.00
141.00 140.50
140.50 141.00
140.00 141.50
139.50 142.00
139.00 142.00
138.50 142.00
138.00 142.50
137.50 143.00
137.00 143.00
136.50 143.50
136.00 143.50
135.50 143.50
135.00 144.00
