128.00 149.50
127.50 149.00
127.00 148.50
126.50 148.00
126.00 147.50
126.00 147.00
125.50 146.50
125.50 146.00
125.00 145.50
125.00 145.00
125.00 144.50
124.50 144.00
124.50 143.50
124.50 143.00
124.50 142.50
124.50 142.00
124.50 141.50
124.00 141.00
124.00 140.50
124.00 140.00
124.00 139.50
124.00 139.00
124.00 138.50
124.00 138.00
124.00 137.50
124.00 137.00
124.00 136.50
124.00 136.00
124.00 135.50
124.00 135.00
124.00 134.50
124.50 134.00
124.50 133.50
124.50 133.00
124.50 132.50
124.50 132.00
125.00 131.50
125.00 131.00
125.00 130.50
125.00 130.00
125.50 129.50
125.50 129.00
126.00 128.50
126.00 128.00
126.00 127.50
126.50 127.00
126.50 126.50
127.00 126.00
127.00 125.50
127.50 125.00
127.50 124.50
128.00 124.00
128.00 123.50
128.50 123.00
128.50 122.50
129.00 122.00
129.50 121.50
129.50 121.00
130.00 120.50
130.00 120.00
130.50 119.50
131.00 119.00
131.00 118.50
131.50 118.00
131.50 117.50
132.00 117.00
132.50 116.50
132.50 116.00
133.00 115.50
133.50 115.00
134.00 114.50
134.50 114.00
135.00 113.50
135.50 113.00
136.00 112.50
136.50 112.50
137.00 112.00
137.50 111.50
138.00 111.50
138.50 111.00
139.00 111.00
139.50 111.00
140.00 111.00
140.50 111.00
141.00 111.00
141.50 111.00
142.00 111.50
142.50 111.50
143.00 112.00
143.50 112.50
144.00 112.50
144.50 113.00
145.00 113.50
145.50 114.00
146.00 114.50
146.50 115.00
147.00 115.50
147.50 116.00
147.50 116.50
148.00 117.00
148.50 117.50
148.50 118.00
149.00 118.50
149.00 119.00
149.50 119.50
149.50 120.00
149.50 120.50
150.00 121.00
150.00 121.50
150.00 122.00
150.50 122.50
150.50 123.00
150.50 123.50
150.50 124.00
150.50 124.50
151.00 125.00
151.00 125.50
151.00 126.00
151.00 126.50
151.00 127.00
151.00 127.50
151.00 128.00
151.00 128.50
151.00 129.00
151.00 129.50
151.00 130.00
151.00 130.50
151.00 131.00
151.00 131.50
151.00 132.00
151.00 132.50
151.00 133.00
151.00 133.50
151.00 134.00
151.00 134.50
151.00 135.00
151.00 135.50
150.50 136.00
150.50 136.50
150.50 137.00
150.50 137.50
150.50 138.00
150.00 138.50
150.00 139.00
149.50 139.50
149.50 140.00
149.00 140.50
149.00 141.00
148.50 141.50
148.50 142.00
148.00 142.50
148.00 143.00
147.50 143.50
147.00 143.50
146.50 144.00
146.50 144.50
146.00 145.00
145.50 145.50
145.00 145.50
144.50 146.00
144.00 146.50
143.50 147.00
143.00 147.00
142.50 147.50
142.00 148.00
141.50 148.00
141.00 148.50
140.50 148.50
140.00 149.00
139.50 149.00
139.00 149.50
138.50 149.50
138.00 149.50
137.50 150.00
137.00 150.00
136.50 150.00
136.00 150.50
135.50 150.50
135.00 150.50
134.50 150.50
134.00 150.50
133.50 150.50
133.00 150.50
132.50 150.50
132.00 150.50
131.50 150.50
131.00 150.50
130.50 150.50
130.00 150.50
129.50 150.50
129.00 150.00
128.50 150.00
