140.50 158.50
140.00 159.00
139.50 159.50
139.00 160.00
138.50 160.50
138.00 161.00
137.50 161.50
137.00 161.50
136.50 162.00
136.00 162.50
135.50 163.00
135.00 163.00
134.50 163.00
134.00 163.50
133.50 163.50
133.00 163.50
132.50 163.50
132.00 164.00
131.50 164.00
131.00 164.00
130.50 164.00
130.00 164.00
129.50 164.00
129.00 164.00
128.50 163.50
128.00 163.50
127.50 163.50
127.00 163.50
126.50 163.50
126.00 163.00
125.50 163.00
125.00 163.00
124.50 162.50
124.00 162.50
123.50 162.50
123.00 162.00
122.50 161.50
122.00 161.50
121.50 161.50
121.00 161.00
120.50 160.50
120.00 160.50
119.50 160.00
119.00 159.50
118.50 159.00
118.00 158.50
117.50 158.00
117.50 157.50
117.00 157.00
117.00 156.50
116.50 156.00
116.00 155.50
116.00 155.00
116.00 154.50
115.50 154.00
115.50 153.50
115.00 153.00
115.00 152.50
115.00 152.00
115.00 151.50
114.50 151.00
114.50 150.50
114.50 150.00
114.50 149.50
114.50 149.00
114.50 148.50
114.00 148.00
114.00 147.50
114.00 147.00
114.00 146.50
114.00 146.00
114.00 145.50
114.50 145.00
114.50 144.50
115.00 144.00
115.00 143.50
115.50 143.00
116.00 142.50
116.50 142.00
117.00 142.50
117.50 142.00
118.00 141.50
118.50 141.00
118.50 140.50
118.50 140.00
119.00 139.50
119.50 139.50
120.00 139.50
120.50 139.00
121.00 139.00
121.50 138.50
122.00 138.50
122.50 138.50
123.00 138.50
123.50 138.00
124.00 138.00
124.50 138.00
125.00 138.00
125.50 138.00
126.00 138.00
126.50 138.00
127.00 138.00
127.50 138.00
128.00 138.00
128.50 138.00
129.00 138.00
129.50 138.00
130.00 138.00
130.50 138.50
131.00 138.50
131.50 138.50
132.00 139.00
132.50 139.00
133.00 139.50
133.50 140.00
134.00 140.00
134.50 140.50
135.00 141.00
135.50 141.50
136.00 142.00
136.50 142.50
136.50 143.00
137.00 143.50
137.50 144.00
137.50 144.50
138.00 145.00
138.50 145.50
138.50 146.00
139.00 146.50
139.50 147.00
139.50 147.50
140.00 148.00
140.00 148.50
140.50 149.00
140.50 149.50
141.00 150.00
141.00 150.50
141.00 151.00
141.00 151.50
141.00 152.00
141.50 152.50
141.50 153.00
141.50 153.50
141.50 154.00
141.50 154.50
141.50 155.00
141.50 155.50
141.50 156.00
141.00 156.50
141.00 157.00
141.00 157.50
140.50 158.00
