132.50 143.00
132.00 143.00
131.50 143.00
131.00 143.00
130.50 143.00
130.00 143.00
129.50 143.00
129.00 143.00
128.50 143.00
128.00 143.00
127.50 142.50
127.00 142.50
126.50 142.50
126.00 142.50
125.50 142.50
125.00 142.00
124.50 142.00
124.00 141.50
123.50 141.50
123.00 141.50
122.50 141.00
122.00 141.00
121.50 140.50
121.00 140.50
120.50 140.00
120.00 139.50
119.50 139.00
119.00 139.00
118.50 138.50
118.00 138.00
117.50 137.50
117.00 137.00
116.50 136.50
116.50 136.00
116.00 135.50
115.50 135.00
115.50 134.50
115.00 134.00
114.50 133.50
114.50 133.00
114.50 132.50
114.00 132.00
114.00 131.50
114.00 131.00
113.50 130.50
113.50 130.00
113.50 129.50
113.50 129.00
113.50 128.50
113.50 128.00
113.50 127.50
113.50 127.00
113.50 126.50
113.50 126.00
113.50 125.50
113.50 125.00
113.50 124.50
113.50 124.00
113.50 123.50
113.50 123.00
114.00 122.50
114.00 122.00
114.00 121.50
114.00 121.00
114.00 120.50
114.50 120.00
114.50 119.50
115.00 119.00
115.00 118.50
115.00 118.00
115.50 117.50
115.50 117.00
116.00 116.50
116.00 116.00
116.50 115.50
116.50 115.00
117.00 114.50
117.50 114.00
118.00 113.50
118.00 113.00
118.50 112.50
119.00 112.00
119.50 111.50
120.00 111.00
120.50 110.50
121.00 110.00
121.50 109.50
122.00 109.00
122.50 109.00
123.00 108.50
123.50 108.00
124.00 108.00
124.50 108.00
125.00 107.50
125.50 107.50
126.00 107.00
126.50 107.00
127.00 107.00
127.50 106.50
128.00 106.50
128.50 106.50
129.00 106.50
129.50 106.50
130.00 106.50
130.50 106.50
131.00 106.50
131.50 106.50
132.00 107.00
132.50 107.00
133.00 107.00
133.50 107.00
134.00 107.50
134.50 107.50
135.00 107.50
135.50 108.00
136.00 108.00
136.50 108.50
137.00 109.00
137.50 109.00
138.00 109.50
138.50 110.00
139.00 110.50
139.50 111.00
140.00 111.50
140.50 112.00
141.00 112.50
141.00 113.00
141.00 113.50
141.50 114.00
142.00 114.50
142.00 115.00
142.00 115.50
142.50 116.00
142.50 116.50
142.50 117.00
143.00 117.50
143.00 118.00
143.00 118.50
143.00 119.00
143.50 119.50
143.50 120.00
143.50 120.50
143.50 121.00
143.50 121.50
144.00 122.00
144.00 122.50
144.00 123.00
144.00 123.50
144.00 124.00
144.50 124.50
144.50 125.00
144.50 125.50
144.50 126.00
144.50 126.50
145.00 127.00
145.00 127.50
145.00 128.00
145.00 128.50
145.00 129.00
145.00 129.50
145.00 130.00
145.50 130.50
145.50 131.00
145.50 131.50
145.50 132.00
145.50 132.50
145.50 133.00
145.00 133.50
145.00 134.00
145.00 134.50
145.00 135.00
145.00 135.50
144.50 136.00
144.00 136.50
144.00 137.00
143.50 137.50
143.00 138.00
142.50 138.50
142.50 139.00
142.00 139.50
141.50 140.00
141.00 140.00
140.50 140.50
140.00 140.50
139.50 141.00
139.00 141.00
138.50 141.50
138.00 141.50
137.50 142.00
137.00 142.00
136.50 142.50
136.00 142.50
135.50 142.50
135.00 142.50
134.50 142.50
134.00 143.00
133.50 143.00
133.00 143.00
