129.50 125.50
129.00 125.00
128.50 125.00
128.00 124.50
127.50 124.00
127.00 124.00
126.50 123.50
126.00 123.00
125.50 123.00
125.00 122.50
124.50 122.00
124.00 121.50
123.50 121.00
123.50 120.50
123.00 120.00
123.00 119.50
123.00 119.00
123.00 118.50
123.00 118.00
123.00 117.50
123.00 117.00
123.00 116.50
123.50 116.00
123.50 115.50
123.50 115.00
124.00 114.50
124.00 114.00
124.50 113.50
125.00 113.00
125.00 112.50
125.50 112.00
126.00 111.50
126.50 111.00
127.00 110.50
127.50 110.50
128.00 110.00
128.50 109.50
129.00 109.00
129.50 109.00
130.00 109.00
130.50 108.50
131.00 108.50
131.50 108.50
132.00 108.50
132.50 108.00
133.00 108.00
133.50 108.00
134.00 108.00
134.50 108.00
135.00 108.00
135.50 108.00
136.00 108.00
136.50 108.00
137.00 108.00
137.50 108.00
138.00 108.00
138.50 108.50
139.00 108.50
139.50 108.50
140.00 109.00
140.50 109.00
141.00 109.00
141.50 109.50
142.00 109.50
142.50 110.00
143.00 110.50
143.50 110.50
144.00 111.00
144.50 111.50
145.00 112.00
145.50 112.50
146.00 113.00
146.50 113.50
146.50 114.00
147.00 114.50
147.00 115.00
147.50 115.50
147.50 116.00
147.50 116.50
147.50 117.00
147.50 117.50
147.50 118.00
147.50 118.50
147.50 119.00
147.50 119.50
147.50 120.00
147.50 120.50
147.00 121.00
147.00 121.50
147.00 122.00
147.00 122.50
147.00 123.00
146.50 123.50
146.50 124.00
146.50 124.50
146.00 125.00
145.50 125.50
145.00 126.00
144.50 126.50
144.00 127.00
143.50 127.00
143.00 127.50
142.50 127.50
142.00 128.00
141.50 128.00
141.00 128.00
140.50 128.00
140.00 128.50
139.50 128.50
139.00 128.50
138.50 128.50
138.00 128.50
137.50 128.50
137.00 128.50
136.50 128.50
136.00 128.50
135.50 128.50
135.00 128.50
134.50 128.50
134.00 128.50
133.50 128.50
133.00 128.50
132.50 128.00
132.00 128.00
131.50 128.00
131.00 127.50
130.50 127.00
130.00 127.00
129.50 126.50
129.50 126.00
