136.00 118.00
136.50 118.00
137.00 118.00
137.50 118.50
138.00 118.50
138.50 118.50
139.00 118.50
139.50 119.00
140.00 119.00
140.50 119.50
141.00 119.50
141.50 120.00
142.00 120.00
142.50 120.50
143.00 121.00
143.50 121.50
144.00 122.00
144.50 122.50
145.00 123.00
145.50 123.50
146.00 124.00
146.00 124.50
146.50 125.00
146.50 125.50
146.50 126.00
147.00 126.50
147.00 127.00
147.00 127.50
147.00 128.00
147.00 128.50
147.00 129.00
147.00 129.50
147.00 130.00
147.00 130.50
147.00 131.00
147.00 131.50
147.00 132.00
147.00 132.50
147.00 133.00
146.50 133.50
146.50 134.00
146.50 134.50
146.00 135.00
146.00 135.50
146.00 136.00
145.50 136.50
145.00 137.00
145.00 137.50
144.50 138.00
144.50 138.50
144.00 139.00
143.50 139.50
143.00 140.00
143.00 140.50
142.50 141.00
142.00 141.50
141.50 142.00
141.00 142.50
140.50 142.50
140.00 143.00
139.50 143.50
139.00 143.50
138.50 144.00
138.00 144.00
137.50 144.50
137.00 144.50
136.50 144.50
136.00 145.00
135.50 145.00
135.00 145.00
134.50 145.00
134.00 145.00
133.50 145.00
133.00 145.00
132.50 145.00
132.00 145.00
131.50 144.50
131.00 144.50
130.50 144.50
130.00 144.00
129.50 144.00
129.00 143.50
128.50 143.50
128.00 143.50
127.50 143.00
127.00 142.50
126.50 142.50
126.00 142.00
125.50 141.50
125.00 141.00
124.50 140.50
124.00 140.00
123.50 139.50
123.50 139.00
123.00 138.50
122.50 138.00
122.00 137.50
122.00 137.00
121.50 136.50
121.50 136.00
121.00 135.50
121.00 135.00
121.00 134.50
120.50 134.00
120.50 133.50
120.50 133.00
120.50 132.50
120.00 132.00
120.00 131.50
120.00 131.00
120.00 130.50
120.00 130.00
120.00 129.50
120.00 129.00
120.50 128.50
120.50 128.00
120.50 127.50
120.50 127.00
121.00 126.50
121.00 126.00
121.00 125.50
121.50 125.00
122.00 124.50
122.00 124.00
122.00 123.50
122.50 123.00
123.00 122.50
123.50 122.00
124.00 121.50
124.50 121.00
125.00 120.50
125.50 120.00
126.00 120.00
126.50 120.00
127.00 119.50
127.50 119.00
128.00 119.00
128.50 119.00
129.00 118.50
129.50 118.50
130.00 118.50
130.50 118.00
131.00 118.00
131.50 118.00
132.00 118.00
132.50 118.00
133.00 118.00
133.50 118.00
134.00 118.00
134.50 118.00
135.00 118.00
135.50 118.00
