149.00 116.00
149.50 116.50
150.00 117.00
150.50 117.50
151.00 118.00
151.50 118.50
151.50 119.00
152.00 119.50
152.50 120.00
153.00 120.50
153.50 121.00
153.50 121.50
154.00 122.00
154.50 122.50
154.50 123.00
155.00 123.50
155.50 124.00
155.50 124.50
155.50 125.00
156.00 125.50
156.50 126.00
156.00 126.50
156.00 127.00
156.00 127.50
156.50 128.00
156.50 128.50
156.50 129.00
156.50 129.50
156.50 130.00
156.50 130.50
156.50 131.00
156.50 131.50
156.50 132.00
156.00 132.50
156.00 133.00
156.00 133.50
155.50 134.00
155.50 134.50
155.00 135.00
155.00 135.50
154.50 136.00
154.00 136.50
153.50 137.00
153.00 137.50
152.50 137.50
152.00 138.00
151.50 138.50
151.00 138.50
150.50 139.00
150.00 139.00
149.50 139.00
149.00 139.50
148.50 139.50
148.00 139.50
147.50 139.50
147.00 140.00
146.50 140.00
146.00 140.00
145.50 140.00
145.00 140.00
144.50 140.00
144.00 140.00
143.50 140.00
143.00 140.50
142.50 140.50
142.00 140.00
141.50 140.00
141.00 140.00
140.50 140.00
140.00 140.00
139.50 140.00
139.00 140.00
138.50 139.50
138.00 139.50
137.50 139.50
137.00 139.00
136.50 138.50
136.00 138.50
135.50 138.00
135.00 137.50
134.50 137.00
134.50 136.50
134.00 136.00
133.50 135.50
133.50 135.00
133.00 134.50
132.50 134.00
132.50 133.50
132.00 133.00
132.00 132.50
131.50 132.00
131.50 131.50
131.50 131.00
131.00 130.50
131.00 130.00
131.00 129.50
131.00 129.00
131.00 128.50
131.00 128.00
131.00 127.50
131.50 127.00
131.50 126.50
131.50 126.00
132.00 125.50
132.00 125.00
132.00 124.50
132.00 124.00
132.50 123.50
132.50 123.00
132.50 122.50
132.50 122.00
133.00 121.50
133.50 121.00
133.50 120.50
134.00 120.00
134.50 119.50
134.50 119.00
135.00 118.50
135.50 118.00
136.00 117.50
136.50 117.50
137.00 117.00
137.50 116.50
138.00 116.50
138.50 116.50
139.00 116.00
139.50 116.00
140.00 116.00
140.50 116.00
141.00 116.00
141.50 115.50
142.00 115.50
142.50 115.50
143.00 115.50
143.50 115.50
144.00 115.50
144.50 115.50
145.00 115.50
145.50 115.50
146.00 115.50
146.50 115.50
147.00 115.50
147.50 115.50
148.00 115.50
148.50 115.50
