106.00 132.00
105.50 131.50
105.00 131.00
105.00 130.50
104.50 130.00
104.50 129.50
104.00 129.00
104.00 128.50
103.50 128.00
103.50 127.50
103.50 127.00
103.00 126.50
103.00 126.00
103.00 125.50
103.00 125.00
103.00 124.50
103.00 124.00
102.50 123.50
102.50 123.00
102.50 122.50
102.50 122.00
102.50 121.50
102.50 121.00
102.50 120.50
102.50 120.00
103.00 119.50
103.00 119.00
103.00 118.50
103.00 118.00
103.00 117.50
103.50 117.00
103.50 116.50
103.50 116.00
104.00 115.50
104.00 115.00
104.00 114.50
104.50 114.00
105.00 113.50
105.00 113.00
105.50 112.50
105.50 112.00
106.00 111.50
106.50 111.00
107.00 110.50
107.00 110.00
107.50 109.50
108.00 109.00
108.50 108.50
108.50 108.00
109.00 107.50
109.50 107.00
110.00 106.50
110.50 106.00
111.00 105.50
111.50 105.00
111.50 104.50
112.00 104.00
112.50 103.50
113.00 103.00
113.50 102.50
114.00 102.00
114.50 101.50
115.00 101.00
115.50 100.50
116.00 100.00
116.50 99.50
117.00 99.50
117.50 99.00
118.00 99.00
118.50 98.50
119.00 98.00
119.50 97.50
120.00 97.50
120.50 97.00
121.00 97.00
121.50 97.00
122.00 96.50
122.50 96.50
123.00 96.50
123.50 96.50
124.00 96.00
124.50 96.00
125.00 96.00
125.50 96.00
126.00 96.00
126.50 96.00
127.00 96.00
127.50 96.00
128.00 96.00
128.50 96.00
129.00 96.00
129.50 96.00
130.00 96.00
130.50 96.00
131.00 96.00
131.50 96.50
132.00 96.50
132.50 96.50
133.00 97.00
133.50 97.00
134.00 97.00
134.50 97.50
135.00 97.50
135.50 97.50
136.00 98.00
136.50 98.50
137.00 98.50
137.50 99.00
138.00 99.50
138.50 100.00
139.00 100.50
139.50 101.00
140.00 101.50
140.50 102.00
141.00 102.50
141.00 103.00
141.50 103.50
142.00 104.00
142.00 104.50
142.50 105.00
142.50 105.50
143.00 106.00
143.00 106.50
143.50 107.00
144.00 107.50
144.00 108.00
144.00 108.50
144.50 109.00
144.50 109.50
145.00 110.00
145.50 110.50
145.50 111.00
146.00 111.50
146.00 112.00
146.00 112.50
146.50 113.00
147.00 113.50
147.00 114.00
147.50 114.50
147.50 115.00
148.00 115.50
148.00 116.00
148.50 116.50
148.50 117.00
149.00 117.50
149.00 118.00
149.50 118.50
149.50 119.00
150.00 119.50
150.00 120.00
150.00 120.50
150.00 121.00
150.50 121.50
150.50 122.00
150.50 122.50
150.50 123.00
151.00 123.50
151.00 124.00
151.00 124.50
151.00 125.00
151.00 125.50
151.00 126.00
151.00 126.50
151.00 127.00
151.00 127.50
151.00 128.00
150.50 128.50
150.50 129.00
150.50 129.50
150.50 130.00
151.00 130.50
151.00 131.00
150.50 131.50
150.00 132.00
150.00 132.50
150.00 133.00
149.50 133.50
149.50 134.00
149.00 134.50
149.00 135.00
148.50 135.50
148.50 136.00
148.00 136.50
148.00 137.00
147.50 137.50
147.50 138.00
147.00 138.50
146.50 139.00
146.50 139.50
146.00 140.00
145.50 140.50
145.00 141.00
144.50 141.50
144.00 142.00
143.50 142.50
143.00 143.00
142.50 143.00
142.00 143.50
141.50 144.00
141.00 144.00
140.50 144.50
140.00 144.50
139.50 145.00
139.00 145.50
138.50 145.50
138.00 146.00
137.50 146.00
137.00 146.00
136.50 146.50
136.00 146.50
135.50 146.50
135.00 146.50
134.50 147.00
134.00 147.00
133.50 147.00
133.00 147.00
132.50 147.00
132.00 147.00
131.50 147.00
131.00 147.50
130.50 147.50
130.00 147.50
129.50 147.50
129.00 147.50
128.50 147.50
128.00 147.50
127.50 147.50
127.00 147.50
126.50 147.50
126.00 147.50
125.50 147.50
125.00 147.50
124.50 147.50
124.00 147.50
123.50 147.50
123.00 147.00
122.50 147.00
122.00 147.00
121.50 147.00
121.00 147.00
120.50 146.50
120.00 146.50
119.50 146.50
119.00 146.50
118.50 146.00
118.00 146.00
117.50 146.00
117.00 145.50
116.50 145.50
116.00 145.50
115.50 145.00
115.00 145.00
114.50 144.50
114.00 144.50
113.50 144.00
113.00 144.00
112.50 143.50
112.00 143.00
111.50 142.50
111.00 142.00
110.50 141.50
110.00 141.00
109.50 140.50
109.00 140.00
108.50 139.50
108.50 139.00
108.00 138.50
108.00 138.00
107.50 137.50
107.50 137.00
107.00 136.50
107.00 136.00
107.00 135.50
106.50 135.00
106.50 134.50
106.50 134.00
106.50 133.50
106.00 133.00
106.00 132.50
