124.50 116.00
125.00 116.00
125.50 115.50
126.00 115.50
126.50 115.50
127.00 115.50
127.50 115.50
128.00 115.50
128.50 115.50
129.00 115.50
129.50 116.00
130.00 116.00
130.50 116.00
131.00 116.50
131.50 116.50
132.00 117.00
132.50 117.50
133.00 117.50
133.50 118.00
134.00 118.50
134.50 119.00
135.00 119.50
135.50 120.00
135.50 120.50
136.00 121.00
136.00 121.50
136.50 122.00
136.50 122.50
137.00 123.00
137.00 123.50
137.00 124.00
137.00 124.50
137.50 125.00
137.50 125.50
137.50 126.00
137.50 126.50
138.00 127.00
138.00 127.50
138.00 128.00
138.00 128.50
138.00 129.00
138.00 129.50
138.00 130.00
138.00 130.50
138.00 131.00
137.50 131.50
137.50 132.00
137.50 132.50
137.00 133.00
137.00 133.50
136.50 134.00
136.50 134.50
136.00 135.00
135.50 135.50
135.00 136.00
134.50 136.50
134.00 136.50
133.50 137.00
133.00 137.50
132.50 137.50
132.00 138.00
131.50 138.00
131.00 138.00
130.50 138.50
130.00 138.50
129.50 138.50
129.00 138.50
128.50 138.50
128.00 138.50
127.50 138.50
127.00 138.50
126.50 138.50
126.00 138.00
125.50 138.00
125.00 138.00
124.50 137.50
124.00 137.50
123.50 137.00
123.00 137.00
122.50 136.50
122.00 136.00
121.50 136.00
121.00 135.50
121.00 135.00
120.50 134.50
120.00 134.00
120.00 133.50
119.50 133.00
119.50 132.50
119.00 132.00
119.00 131.50
119.00 131.00
118.50 130.50
118.50 130.00
118.50 129.50
118.50 129.00
118.50 128.50
118.50 128.00
118.50 127.50
118.50 127.00
118.50 126.50
118.50 126.00
119.00 125.50
119.00 125.00
119.00 124.50
119.50 124.00
119.50 123.50
120.00 123.00
120.00 122.50
120.50 122.00
120.50 121.50
121.00 121.00
121.00 120.50
121.50 120.00
121.50 119.50
121.50 119.00
122.00 118.50
122.50 118.00
123.00 117.50
123.50 117.00
124.00 116.50
