134.50 149.50
134.00 149.50
133.50 149.50
133.00 149.50
132.50 149.00
132.00 149.00
131.50 149.00
131.00 148.50
130.50 148.50
130.00 148.00
129.50 148.00
129.00 147.50
128.50 147.00
128.00 147.00
127.50 146.50
127.00 146.00
126.50 145.50
126.00 145.00
125.50 144.50
125.50 144.00
125.00 143.50
124.50 143.00
124.00 142.50
124.00 142.00
123.50 141.50
123.50 141.00
123.50 140.50
123.00 140.00
123.00 139.50
123.00 139.00
122.50 138.50
122.50 138.00
122.50 137.50
122.50 137.00
122.50 136.50
122.50 136.00
122.50 135.50
122.00 135.00
122.00 134.50
122.00 134.00
122.00 133.50
122.00 133.00
122.00 132.50
122.00 132.00
122.50 131.50
122.50 131.00
122.50 130.50
122.50 130.00
122.50 129.50
122.50 129.00
122.50 128.50
122.50 128.00
122.50 127.50
123.00 127.00
123.00 126.50
123.00 126.00
123.00 125.50
123.00 125.00
123.00 124.50
123.00 124.00
123.00 123.50
123.50 123.00
123.50 122.50
123.50 122.00
123.50 121.50
123.50 121.00
123.50 120.50
124.00 120.00
124.00 119.50
124.00 119.00
124.00 118.50
124.50 118.00
124.50 117.50
124.50 117.00
125.00 116.50
125.00 116.00
125.50 115.50
125.50 115.00
125.50 114.50
126.00 114.00
126.50 113.50
126.50 113.00
127.00 112.50
127.50 112.00
128.00 111.50
128.50 111.00
128.50 110.50
129.00 110.00
129.50 110.00
130.00 109.50
130.50 109.50
131.00 109.00
131.50 108.50
132.00 108.50
132.50 108.00
133.00 108.00
133.50 107.50
134.00 107.50
134.50 107.50
135.00 107.50
135.50 107.50
136.00 107.50
136.50 107.50
137.00 108.00
137.50 108.00
138.00 108.00
138.50 108.00
139.00 108.50
139.50 109.00
140.00 109.00
140.50 109.50
141.00 109.50
141.50 110.00
142.00 110.50
142.50 111.00
143.00 111.50
143.50 112.00
144.00 112.50
144.50 113.00
145.00 113.50
145.50 114.00
146.00 114.50
146.00 115.00
146.50 115.50
147.00 116.00
147.00 116.50
147.50 117.00
148.00 117.50
148.00 118.00
148.00 118.50
148.50 119.00
148.50 119.50
149.00 120.00
149.00 120.50
149.50 121.00
149.50 121.50
149.50 122.00
150.00 122.50
150.00 123.00
150.00 123.50
150.50 124.00
150.50 124.50
150.50 125.00
151.00 125.50
151.00 126.00
151.00 126.50
151.00 127.00
151.50 127.50
151.50 128.00
151.50 128.50
151.50 129.00
151.50 129.50
151.50 130.00
151.50 130.50
151.50 131.00
151.50 131.50
151.50 132.00
151.50 132.50
151.50 133.00
151.50 133.50
151.00 134.00
151.00 134.50
151.00 135.00
151.00 135.50
151.00 136.00
150.50 136.50
150.50 137.00
150.00 137.50
150.00 138.00
150.00 138.50
149.50 139.00
149.50 139.50
149.00 140.00
148.50 140.50
148.50 141.00
148.00 141.50
147.50 142.00
147.50 142.50
147.00 143.00
146.50 143.50
146.00 144.00
145.50 144.50
145.00 145.00
144.50 145.50
144.00 146.00
143.50 146.00
143.00 146.50
142.50 147.00
142.00 147.50
141.50 148.00
141.00 148.00
140.50 148.50
140.00 148.50
139.50 149.00
139.00 149.00
138.50 149.00
138.00 149.00
137.50 149.50
137.00 149.50
136.50 149.50
136.00 149.50
135.50 149.50
135.00 149.50
