128.00 147.50
127.50 147.00
127.00 147.00
126.50 146.50
126.00 146.00
125.50 145.50
125.00 145.00
125.00 144.50
124.50 144.00
124.00 143.50
124.00 143.00
124.00 142.50
123.50 142.00
123.00 141.50
123.00 141.00
123.00 140.50
122.50 140.00
122.50 139.50
122.50 139.00
122.00 138.50
122.00 138.00
122.00 137.50
122.00 137.00
121.50 136.50
121.50 136.00
121.50 135.50
121.50 135.00
121.50 134.50
121.00 134.00
121.00 133.50
121.00 133.00
121.00 132.50
121.00 132.00
121.00 131.50
121.00 131.00
120.50 130.50
120.50 130.00
120.50 129.50
120.50 129.00
120.50 128.50
120.50 128.00
120.50 127.50
120.50 127.00
120.50 126.50
120.50 126.00
120.50 125.50
121.00 125.00
121.00 124.50
121.00 124.00
121.00 123.50
121.00 123.00
121.00 122.50
121.50 122.00
121.50 121.50
121.50 121.00
121.50 120.50
122.00 120.00
122.00 119.50
122.00 119.00
122.50 118.50
122.50 118.00
123.00 117.50
123.00 117.00
123.50 116.50
123.50 116.00
124.00 115.50
124.00 115.00
124.50 114.50
125.00 114.00
125.50 113.50
125.50 113.00
126.00 112.50
126.50 112.00
127.00 111.50
127.50 111.00
128.00 110.50
128.50 110.50
129.00 110.00
129.50 110.00
130.00 109.50
130.50 109.50
131.00 109.00
131.50 109.00
132.00 109.00
132.50 109.00
133.00 108.50
133.50 108.50
134.00 108.50
134.50 108.50
135.00 108.50
135.50 108.50
136.00 108.50
136.50 108.50
137.00 108.50
137.50 108.50
138.00 108.50
138.50 108.50
139.00 108.50
139.50 109.00
140.00 109.00
140.50 109.00
141.00 109.50
141.50 109.50
142.00 109.50
142.50 110.00
143.00 110.50
143.50 111.00
144.00 111.50
144.50 112.00
144.50 112.50
145.00 113.00
145.00 113.50
145.00 114.00
145.50 114.50
145.50 115.00
145.50 115.50
146.00 116.00
146.00 116.50
146.00 117.00
146.00 117.50
146.00 118.00
146.50 118.50
146.50 119.00
146.50 119.50
146.50 120.00
146.50 120.50
147.00 121.00
147.00 121.50
147.00 122.00
147.50 122.50
147.50 123.00
147.50 123.50
147.50 124.00
148.00 124.50
148.00 125.00
148.00 125.50
148.50 126.00
148.50 126.50
148.50 127.00
149.00 127.50
149.00 128.00
149.00 128.50
149.00 129.00
149.50 129.50
149.50 130.00
149.50 130.50
149.50 131.00
149.50 131.50
149.50 132.00
149.50 132.50
149.50 133.00
149.50 133.50
149.00 134.00
149.00 134.50
149.00 135.00
149.00 135.50
148.50 136.00
148.50 136.50
148.00 137.00
148.00 137.50
147.50 138.00
147.50 138.50
147.00 139.00
146.50 139.50
146.50 140.00
146.00 140.50
145.50 141.00
145.00 141.50
145.00 142.00
144.50 142.50
144.00 142.50
143.50 143.00
143.00 143.50
142.50 144.00
142.00 144.50
141.50 144.50
141.00 145.00
140.50 145.50
140.00 146.00
139.50 146.00
139.00 146.50
138.50 146.50
138.00 147.00
137.50 147.00
137.00 147.00
136.50 147.50
136.00 147.50
135.50 147.50
135.00 148.00
134.50 148.00
134.00 148.00
133.50 148.00
133.00 148.00
132.50 148.50
132.00 148.50
131.50 148.50
131.00 148.50
130.50 148.00
130.00 148.00
129.50 148.00
129.00 148.00
128.50 147.50
