151.00 127.50
150.50 128.00
150.00 128.50
150.00 129.00
149.50 129.50
149.50 130.00
149.00 130.50
149.00 131.00
148.50 131.50
148.00 132.00
147.50 132.50
147.00 133.00
146.50 133.50
146.00 134.00
145.50 134.50
145.00 134.50
144.50 135.00
144.00 135.50
143.50 135.50
143.00 135.50
142.50 136.00
142.00 136.50
141.50 136.50
141.00 136.50
140.50 136.50
140.00 137.00
139.50 137.00
139.00 137.00
138.50 137.00
138.00 137.00
137.50 137.00
137.00 137.00
136.50 137.00
136.00 137.00
135.50 137.00
135.00 137.00
134.50 137.00
134.00 136.50
133.50 136.50
133.00 136.50
132.50 136.00
132.00 136.00
131.50 135.50
131.00 135.00
130.50 134.50
130.00 134.00
129.50 133.50
129.00 133.00
128.50 132.50
128.50 132.00
128.50 131.50
128.00 131.00
128.00 130.50
127.50 130.00
127.50 129.50
127.50 129.00
127.00 128.50
127.00 128.00
127.00 127.50
127.00 127.00
127.00 126.50
127.00 126.00
127.00 125.50
127.00 125.00
127.00 124.50
127.00 124.00
127.00 123.50
127.50 123.00
127.50 122.50
127.50 122.00
128.00 121.50
128.00 121.00
128.00 120.50
128.50 120.00
129.00 119.50
129.00 119.00
129.50 118.50
129.50 118.00
130.00 117.50
130.50 117.00
131.00 116.50
131.50 116.00
132.00 116.00
132.50 115.50
133.00 115.00
133.50 114.50
134.00 114.00
134.50 114.00
135.00 114.00
135.50 113.50
136.00 113.50
136.50 113.00
137.00 113.00
137.50 113.00
138.00 112.50
138.50 112.50
139.00 112.50
139.50 112.50
140.00 112.50
140.50 112.50
141.00 112.50
141.50 112.00
142.00 112.00
142.50 112.00
143.00 112.00
143.50 112.00
144.00 112.00
144.50 112.00
145.00 112.00
145.50 112.00
146.00 112.50
146.50 112.50
147.00 112.50
147.50 112.50
148.00 113.00
148.50 113.50
148.50 114.00
149.00 114.50
149.50 115.00
150.00 115.50
150.50 116.00
150.50 116.50
151.00 117.00
151.00 117.50
151.50 118.00
151.50 118.50
152.00 119.00
152.00 119.50
152.00 120.00
152.00 120.50
152.00 121.00
152.00 121.50
152.00 122.00
152.00 122.50
152.00 123.00
151.50 123.50
151.50 124.00
151.50 124.50
151.00 125.00
151.00 125.50
151.00 126.00
150.50 126.50
150.50 127.00
