131.00 150.50
130.50 150.50
130.00 150.00
129.50 149.50
129.00 149.50
128.50 149.00
128.00 148.50
127.50 148.00
127.50 147.50
127.00 147.00
126.50 146.50
126.50 146.00
126.00 145.50
126.00 145.00
125.50 144.50
125.50 144.00
125.00 143.50
125.00 143.00
125.00 142.50
124.50 142.00
124.50 141.50
124.50 141.00
124.50 140.50
124.00 140.00
124.00 139.50
124.00 139.00
124.00 138.50
124.00 138.00
123.50 137.50
123.50 137.00
123.50 136.50
123.50 136.00
123.50 135.50
123.50 135.00
123.50 134.50
123.50 134.00
123.50 133.50
123.50 133.00
123.50 132.50
123.50 132.00
123.50 131.50
123.50 131.00
123.50 130.50
123.50 130.00
124.00 129.50
124.00 129.00
124.00 128.50
124.00 128.00
124.50 127.50
124.50 127.00
124.50 126.50
125.00 126.00
125.00 125.50
125.50 125.00
126.00 124.50
126.00 124.00
126.50 123.50
127.00 123.00
127.50 122.50
128.00 122.00
128.50 121.50
129.00 121.00
129.50 120.50
130.00 120.00
130.50 119.50
131.00 119.50
131.50 119.00
132.00 118.50
132.50 118.50
133.00 118.00
133.50 118.00
134.00 118.00
134.50 117.50
135.00 117.50
135.50 117.50
136.00 117.50
136.50 117.00
137.00 117.00
137.50 117.00
138.00 117.00
138.50 117.00
139.00 117.00
139.50 117.50
140.00 117.50
140.50 117.50
141.00 117.50
141.50 117.50
142.00 118.00
142.50 118.00
143.00 118.00
143.50 118.00
144.00 118.50
144.50 118.50
145.00 119.00
145.50 119.00
146.00 119.50
146.50 119.50
147.00 120.00
147.50 120.00
148.00 120.50
148.50 121.00
149.00 121.00
149.50 121.50
150.00 122.00
150.50 122.50
151.00 123.00
151.50 123.50
152.00 124.00
152.00 124.50
152.50 125.00
152.50 125.50
153.00 126.00
153.00 126.50
153.00 127.00
153.50 127.50
153.50 128.00
153.50 128.50
153.50 129.00
153.50 129.50
153.50 130.00
153.50 130.50
153.50 131.00
153.50 131.50
153.00 132.00
153.00 132.50
153.00 133.00
153.00 133.50
153.00 134.00
152.50 134.50
152.50 135.00
152.00 135.50
152.00 136.00
152.00 136.50
151.50 137.00
151.50 137.50
151.00 138.00
150.50 138.50
150.50 139.00
150.00 139.50
150.00 140.00
149.50 140.50
149.00 141.00
148.50 141.50
148.00 142.00
148.00 142.50
147.50 143.00
147.00 143.50
146.50 144.00
146.00 144.00
145.50 144.50
145.00 145.00
144.50 145.50
144.00 146.00
143.50 146.00
143.00 146.50
142.50 147.00
142.00 147.50
141.50 147.50
141.00 148.00
140.50 148.50
140.00 148.50
139.50 149.00
139.00 149.00
138.50 149.50
138.00 149.50
137.50 149.50
137.00 150.00
136.50 150.00
136.00 150.50
135.50 150.50
135.00 150.50
134.50 150.50
134.00 150.50
133.50 151.00
133.00 151.00
132.50 151.00
132.00 150.50
131.50 150.50
