153.00 126.50
153.00 127.00
153.00 127.50
153.00 128.00
152.50 128.50
152.50 129.00
152.50 129.50
152.50 130.00
152.50 130.50
152.00 131.00
152.00 131.50
152.00 132.00
152.00 132.50
151.50 133.00
151.50 133.50
151.00 134.00
151.00 134.50
151.00 135.00
150.50 135.50
150.50 136.00
150.00 136.50
149.50 137.00
149.00 137.50
149.00 138.00
148.50 138.50
148.00 139.00
147.50 139.50
147.00 140.00
146.50 140.50
146.00 140.50
145.50 140.50
145.00 141.00
144.50 141.50
144.00 142.00
143.50 142.00
143.00 142.50
142.50 142.50
142.00 142.50
141.50 143.00
141.00 143.00
140.50 143.00
140.00 143.50
139.50 143.50
139.00 143.50
138.50 144.00
138.00 144.00
137.50 144.00
137.00 144.50
136.50 144.50
136.00 144.50
135.50 144.50
135.00 144.50
134.50 144.50
134.00 145.00
133.50 145.00
133.00 145.00
132.50 145.00
132.00 145.00
131.50 145.00
131.00 145.00
130.50 145.00
130.00 145.00
129.50 145.00
129.00 144.50
128.50 144.50
128.00 144.50
127.50 144.50
127.00 144.50
126.50 144.50
126.00 144.00
125.50 144.00
125.00 144.00
124.50 144.00
124.00 143.50
123.50 143.50
123.00 143.50
122.50 143.00
122.00 143.00
121.50 142.50
121.00 142.50
120.50 142.50
120.00 142.00
119.50 141.50
119.00 141.50
118.50 141.00
118.00 141.00
117.50 140.50
117.00 140.00
116.50 139.50
116.00 139.50
115.50 139.00
115.50 138.50
115.00 138.00
114.50 138.00
114.00 137.50
114.00 137.00
113.50 136.50
113.00 136.00
112.50 135.50
112.00 135.00
111.50 134.50
111.50 134.00
111.00 133.50
111.00 133.00
111.00 132.50
110.50 132.00
110.50 131.50
110.50 131.00
110.50 130.50
110.50 130.00
110.50 129.50
110.50 129.00
110.50 128.50
110.50 128.00
110.50 127.50
110.50 127.00
110.50 126.50
110.50 126.00
110.50 125.50
110.50 125.00
110.50 124.50
110.50 124.00
110.50 123.50
110.50 123.00
111.00 122.50
111.00 122.00
111.00 121.50
111.00 121.00
111.00 120.50
111.50 120.00
111.50 119.50
111.50 119.00
111.50 118.50
112.00 118.00
112.00 117.50
112.50 117.00
112.50 116.50
112.50 116.00
113.00 115.50
113.00 115.00
113.50 114.50
114.00 114.00
114.00 113.50
114.50 113.00
115.00 112.50
115.50 112.00
115.50 111.50
116.00 111.00
116.50 110.50
117.00 110.00
117.50 110.00
118.00 110.00
118.50 109.50
119.00 109.00
119.50 108.50
120.00 108.50
120.50 108.50
121.00 108.00
121.50 107.50
122.00 107.50
122.50 107.00
123.00 107.00
123.50 106.50
124.00 106.50
124.50 106.00
125.00 106.00
125.50 106.00
126.00 105.50
126.50 105.50
127.00 105.00
127.50 105.00
128.00 105.00
128.50 104.50
129.00 104.50
129.50 104.50
130.00 104.50
130.50 104.00
131.00 104.00
131.50 104.00
132.00 104.00
132.50 104.00
133.00 104.00
133.50 103.50
134.00 103.50
134.50 103.50
135.00 103.50
135.50 103.50
136.00 103.50
136.50 103.50
137.00 103.50
137.50 103.50
138.00 103.00
138.50 103.00
139.00 103.00
139.50 103.00
140.00 103.50
140.50 103.50
141.00 104.00
141.50 104.00
142.00 104.00
142.50 104.50
143.00 104.50
143.50 105.00
144.00 105.00
144.50 105.50
145.00 106.00
145.50 106.00
146.00 106.50
146.50 107.00
147.00 107.50
147.50 108.00
148.00 108.50
148.50 109.00
149.00 109.50
149.00 110.00
149.50 110.50
150.00 111.00
150.00 111.50
150.50 112.00
150.50 112.50
150.50 113.00
150.50 113.50
151.00 114.00
151.00 114.50
151.50 115.00
151.50 115.50
151.50 116.00
151.50 116.50
152.00 117.00
152.00 117.50
152.00 118.00
152.00 118.50
152.00 119.00
152.50 119.50
152.50 120.00
152.50 120.50
152.50 121.00
152.50 121.50
152.50 122.00
152.50 122.50
152.50 123.00
152.50 123.50
152.50 124.00
152.50 124.50
152.50 125.00
152.50 125.50
152.50 126.00
