131.00 147.00
130.50 146.50
130.00 146.00
129.50 146.00
129.00 145.50
128.50 145.00
128.00 144.50
127.50 144.00
127.00 143.50
127.00 143.00
126.50 142.50
126.00 142.00
126.00 141.50
126.00 141.00
125.50 140.50
125.50 140.00
125.00 139.50
125.00 139.00
125.00 138.50
125.00 138.00
125.00 137.50
125.00 137.00
125.00 136.50
125.00 136.00
125.00 135.50
125.50 135.00
125.50 134.50
125.50 134.00
126.00 133.50
126.00 133.00
126.50 132.50
127.00 132.00
127.50 131.50
128.00 131.00
128.50 131.00
129.00 130.50
129.50 130.50
130.00 130.50
130.50 130.50
131.00 130.00
131.50 130.00
132.00 130.00
132.50 130.00
133.00 130.50
133.50 130.50
134.00 130.50
134.50 130.50
135.00 131.00
135.50 131.00
136.00 131.50
136.50 132.00
137.00 132.00
137.50 132.50
138.00 133.00
138.50 133.50
138.50 134.00
139.00 134.50
139.00 135.00
139.50 135.50
139.50 136.00
140.00 136.50
140.00 137.00
140.00 137.50
140.00 138.00
140.50 138.50
140.50 139.00
140.50 139.50
140.50 140.00
140.50 140.50
140.50 141.00
140.00 141.50
140.00 142.00
140.00 142.50
139.50 143.00
139.50 143.50
139.00 144.00
138.50 144.50
138.00 145.00
137.50 145.50
137.00 145.00
136.50 145.50
136.00 146.00
135.50 146.50
135.00 147.00
134.50 147.50
134.00 147.50
133.50 147.00
133.00 147.00
132.50 147.00
132.00 146.50
131.50 146.50
