125.00 119.50
125.50 119.50
126.00 120.00
126.50 120.00
127.00 120.50
127.50 121.00
128.00 121.00
128.50 121.50
129.00 122.00
129.50 122.50
130.00 123.00
130.50 123.50
131.00 124.00
131.00 124.50
131.00 125.00
131.00 125.50
131.50 126.00
131.50 126.50
131.00 127.00
131.00 127.50
131.00 128.00
131.00 128.50
131.00 129.00
130.50 129.50
130.50 130.00
130.00 130.50
130.00 131.00
129.50 131.50
129.00 132.00
129.00 132.50
128.50 133.00
128.00 133.50
127.50 134.00
127.00 134.50
126.50 134.50
126.00 134.50
125.50 135.00
125.00 135.00
124.50 135.00
124.00 135.00
123.50 135.00
123.00 134.50
122.50 134.50
122.00 134.50
121.50 134.00
121.00 134.00
120.50 133.50
120.00 133.00
119.50 132.50
119.00 132.00
118.50 131.50
118.50 131.00
118.00 130.50
118.00 130.00
117.50 129.50
117.50 129.00
117.50 128.50
117.00 128.00
117.00 127.50
117.00 127.00
117.00 126.50
117.00 126.00
117.00 125.50
117.00 125.00
117.00 124.50
117.00 124.00
117.00 123.50
117.00 123.00
117.50 122.50
117.50 122.00
117.50 121.50
118.00 121.00
118.50 120.50
119.00 120.00
119.50 119.50
120.00 119.00
120.50 119.00
121.00 118.50
121.50 118.50
122.00 118.50
122.50 118.50
123.00 118.50
123.50 119.00
124.00 119.00
124.50 119.50
