122.00 128.50
122.50 128.50
123.00 128.00
123.50 128.00
124.00 127.50
124.50 127.50
125.00 127.50
125.50 127.00
126.00 127.00
126.50 127.00
127.00 127.00
127.50 126.50
128.00 126.50
128.50 126.50
129.00 126.00
129.50 126.00
130.00 126.00
130.50 126.00
131.00 126.00
131.50 125.50
132.00 125.50
132.50 125.50
133.00 125.50
133.50 125.50
134.00 125.50
134.50 125.50
135.00 125.50
135.50 125.50
136.00 125.50
136.50 125.50
137.00 125.50
137.50 125.50
138.00 126.00
138.50 126.00
139.00 126.50
139.50 126.50
140.00 127.00
140.50 127.50
141.00 127.50
141.50 128.00
142.00 128.50
142.50 129.00
143.00 129.50
143.50 130.00
144.00 130.50
144.50 131.00
144.50 131.50
145.00 132.00
145.00 132.50
145.50 133.00
145.50 133.50
146.00 134.00
146.00 134.50
146.00 135.00
146.50 135.50
146.50 136.00
146.50 136.50
146.50 137.00
147.00 137.50
147.00 138.00
147.00 138.50
147.00 139.00
147.00 139.50
147.00 140.00
147.00 140.50
147.00 141.00
147.00 141.50
146.50 142.00
146.50 142.50
146.50 143.00
146.50 143.50
146.00 144.00
146.00 144.50
146.00 145.00
145.50 145.50
145.50 146.00
145.00 146.50
145.00 147.00
145.00 147.50
144.50 148.00
144.00 148.50
143.50 149.00
143.50 149.50
143.00 150.00
142.50 150.50
142.00 151.00
141.50 151.50
141.00 152.00
140.50 152.50
140.00 152.50
139.50 153.00
139.00 153.50
138.50 153.50
138.00 154.00
137.50 154.50
137.00 154.50
136.50 155.00
136.00 155.00
135.50 155.00
135.00 155.50
134.50 155.50
134.00 156.00
133.50 156.00
133.00 156.00
132.50 156.00
132.00 156.00
131.50 156.50
131.00 156.50
130.50 156.50
130.00 156.50
129.50 156.50
129.00 156.50
128.50 156.50
128.00 156.50
127.50 156.50
127.00 156.50
126.50 156.50
126.00 156.00
125.50 156.00
125.00 156.00
124.50 156.00
124.00 155.50
123.50 155.50
123.00 155.50
122.50 155.50
122.00 155.00
121.50 155.00
121.00 154.50
120.50 154.50
120.00 154.50
119.50 154.00
119.00 153.50
118.50 153.50
118.00 153.50
117.50 153.00
117.00 152.50
116.50 152.00
116.00 151.50
115.50 151.00
115.00 150.50
114.50 150.00
114.00 149.50
113.50 149.00
113.00 148.50
112.50 148.00
112.00 147.50
112.00 147.00
112.00 146.50
111.50 146.00
111.50 145.50
111.00 145.00
111.00 144.50
111.00 144.00
111.00 143.50
110.50 143.00
110.50 142.50
110.50 142.00
110.50 141.50
110.50 141.00
110.50 140.50
110.50 140.00
110.50 139.50
111.00 139.00
111.00 138.50
111.00 138.00
111.00 137.50
111.50 137.00
111.50 136.50
112.00 136.00
112.00 135.50
112.50 135.00
113.00 134.50
113.50 134.00
113.50 133.50
114.00 133.00
114.50 132.50
115.00 132.00
115.50 132.00
116.00 131.50
116.50 131.00
117.00 131.00
117.50 130.50
118.00 130.50
118.50 130.00
119.00 130.00
119.50 129.50
120.00 129.50
120.50 129.00
121.00 129.00
121.50 128.50
