144.50 134.50
144.00 134.50
143.50 134.50
143.00 135.00
142.50 135.00
142.00 135.00
141.50 135.00
141.00 135.00
140.50 135.00
140.00 135.00
139.50 135.00
139.00 135.00
138.50 135.00
138.00 135.00
137.50 135.00
137.00 135.00
136.50 135.00
136.00 134.50
135.50 134.50
135.00 134.50
134.50 134.50
134.00 134.00
133.50 134.00
133.00 134.00
132.50 133.50
132.00 133.50
131.50 133.00
131.00 133.00
130.50 132.50
130.00 132.00
129.50 131.50
129.00 131.00
128.50 130.50
128.50 130.00
128.00 129.50
128.00 129.00
127.50 128.50
127.50 128.00
127.50 127.50
127.00 127.00
127.00 126.50
127.00 126.00
127.00 125.50
126.50 125.00
126.50 124.50
126.50 124.00
126.50 123.50
126.50 123.00
126.50 122.50
126.00 122.00
126.00 121.50
126.00 121.00
126.00 120.50
126.00 120.00
126.00 119.50
126.00 119.00
126.00 118.50
126.00 118.00
126.00 117.50
126.00 117.00
126.00 116.50
126.00 116.00
126.00 115.50
126.00 115.00
126.00 114.50
126.00 114.00
126.00 113.50
126.00 113.00
126.00 112.50
126.50 112.00
126.50 111.50
126.50 111.00
126.50 110.50
127.00 110.00
127.00 109.50
127.00 109.00
127.50 108.50
128.00 108.00
128.00 107.50
128.50 107.00
129.00 106.50
129.50 106.00
129.50 105.50
130.00 105.00
130.50 104.50
131.00 104.00
131.50 103.50
132.00 103.50
132.50 103.00
133.00 102.50
133.50 102.50
134.00 102.00
134.50 102.00
135.00 101.50
135.50 101.50
136.00 101.00
136.50 101.00
137.00 100.50
137.50 100.50
138.00 100.50
138.50 100.50
139.00 100.50
139.50 100.00
140.00 100.00
140.50 100.00
141.00 100.00
141.50 100.00
142.00 100.00
142.50 100.00
143.00 100.00
143.50 100.00
144.00 100.00
144.50 100.00
145.00 100.00
145.50 100.50
146.00 100.50
146.50 100.50
147.00 100.50
147.50 101.00
148.00 101.00
148.50 101.00
149.00 101.00
149.50 101.50
150.00 102.00
150.50 102.00
151.00 102.00
151.50 102.50
152.00 103.00
152.50 103.00
153.00 103.00
153.50 103.50
154.00 104.00
154.50 104.50
155.00 105.00
155.50 105.50
156.00 105.50
156.50 106.00
156.50 106.50
157.00 107.00
157.50 107.50
158.00 108.00
158.50 108.50
159.00 109.00
159.00 109.50
159.50 110.00
159.50 110.50
160.00 111.00
160.00 111.50
160.00 112.00
160.50 112.50
160.50 113.00
160.50 113.50
161.00 114.00
161.00 114.50
161.00 115.00
161.00 115.50
161.00 116.00
161.00 116.50
161.00 117.00
161.00 117.50
161.00 118.00
161.00 118.50
161.00 119.00
161.00 119.50
161.00 120.00
161.00 120.50
161.00 121.00
160.50 121.50
160.50 122.00
160.50 122.50
160.50 123.00
160.00 123.50
159.50 124.00
159.50 124.50
159.50 125.00
159.00 125.50
158.50 126.00
158.50 126.50
158.50 127.00
158.00 127.50
157.50 128.00
157.00 128.50
156.50 129.00
156.00 129.50
155.50 130.00
155.00 130.50
154.50 131.00
154.00 131.50
153.50 131.50
153.00 131.50
152.50 132.00
152.00 132.50
151.50 132.50
151.00 133.00
150.50 133.00
150.00 133.00
149.50 133.50
149.00 133.50
148.50 133.50
148.00 134.00
147.50 134.00
147.00 134.00
146.50 134.00
146.00 134.50
145.50 134.50
145.00 134.50
