160.00 117.50
160.00 118.00
160.50 118.50
160.50 119.00
161.00 119.50
161.00 120.00
161.50 120.50
161.50 121.00
162.00 121.50
162.00 122.00
162.50 122.50
162.50 123.00
162.50 123.50
162.50 124.00
163.00 124.50
163.00 125.00
163.00 125.50
163.00 126.00
163.50 126.50
163.50 127.00
163.50 127.50
163.50 128.00
163.50 128.50
163.50 129.00
163.50 129.50
163.50 130.00
163.50 130.50
163.50 131.00
163.50 131.50
163.50 132.00
163.50 132.50
163.50 133.00
163.50 133.50
163.50 134.00
163.50 134.50
163.50 135.00
163.00 135.50
162.50 136.00
162.50 136.50
162.00 137.00
161.50 137.50
161.00 138.00
160.50 138.50
160.00 139.00
159.50 139.50
159.00 140.00
158.50 140.50
158.00 140.50
157.50 141.00
157.00 141.50
156.50 142.00
156.00 142.50
155.50 142.50
155.00 143.00
154.50 143.00
154.00 143.00
153.50 143.50
153.00 144.00
152.50 144.00
152.00 144.50
151.50 144.50
151.00 145.00
150.50 145.00
150.00 145.00
149.50 145.50
149.00 145.50
148.50 145.50
148.00 145.50
147.50 146.00
147.00 146.00
146.50 146.50
146.00 146.50
145.50 146.50
145.00 146.50
144.50 146.50
144.00 147.00
143.50 147.00
143.00 147.00
142.50 147.00
142.00 147.00
141.50 147.50
141.00 147.50
140.50 147.50
140.00 147.50
139.50 147.50
139.00 147.50
138.50 147.50
138.00 147.50
137.50 147.50
137.00 147.50
136.50 147.50
136.00 147.50
135.50 147.50
135.00 147.00
134.50 147.00
134.00 147.00
133.50 147.00
133.00 146.50
132.50 146.50
132.00 146.50
131.50 146.00
131.00 146.00
130.50 146.00
130.00 145.50
129.50 145.50
129.00 145.00
128.50 144.50
128.00 144.00
127.50 143.50
127.50 143.00
127.50 142.50
127.00 142.00
127.00 141.50
127.00 141.00
127.00 140.50
127.00 140.00
127.00 139.50
127.50 139.00
127.50 138.50
127.50 138.00
127.50 137.50
127.50 137.00
127.50 136.50
127.50 136.00
127.50 135.50
127.50 135.00
127.50 134.50
127.50 134.00
127.50 133.50
127.50 133.00
127.50 132.50
127.50 132.00
128.00 131.50
128.00 131.00
128.00 130.50
128.00 130.00
128.50 129.50
129.00 129.00
129.00 128.50
129.50 128.00
130.00 127.50
130.50 127.00
131.00 126.50
131.00 126.00
131.50 125.50
132.00 125.50
132.50 125.00
133.00 124.50
133.50 124.00
134.00 123.50
134.50 123.00
135.00 123.00
135.50 122.50
136.00 122.00
136.50 122.00
137.00 121.50
137.50 121.00
138.00 121.00
138.50 120.50
139.00 120.50
139.50 120.50
140.00 120.00
140.50 120.00
141.00 120.00
141.50 119.50
142.00 119.50
142.50 119.50
143.00 119.00
143.50 119.00
144.00 119.00
144.50 119.00
145.00 119.00
145.50 118.50
146.00 118.50
146.50 118.50
147.00 118.00
147.50 118.00
148.00 118.00
148.50 118.00
149.00 117.50
149.50 117.50
150.00 117.00
150.50 117.00
151.00 117.00
151.50 117.00
152.00 116.50
152.50 116.50
153.00 116.50
153.50 116.50
154.00 116.00
154.50 116.00
155.00 116.00
155.50 116.00
156.00 116.00
156.50 116.00
157.00 116.00
157.50 116.00
158.00 116.50
158.50 116.50
159.00 117.00
159.50 117.00
