136.00 125.50
136.50 126.00
137.00 126.50
137.50 126.50
138.00 127.00
138.00 127.50
138.50 128.00
138.50 128.50
139.00 129.00
139.00 129.50
139.00 130.00
139.50 130.50
139.50 131.00
139.50 131.50
140.00 132.00
140.00 132.50
140.00 133.00
140.00 133.50
140.00 134.00
140.50 134.50
140.50 135.00
140.50 135.50
140.50 136.00
140.50 136.50
140.50 137.00
140.50 137.50
141.00 138.00
141.00 138.50
141.00 139.00
141.00 139.50
140.50 140.00
140.50 140.50
140.50 141.00
140.50 141.50
140.00 142.00
139.50 142.50
139.00 142.50
138.50 142.50
138.00 142.50
137.50 142.50
137.00 142.50
136.50 142.00
136.00 142.00
135.50 142.00
135.00 141.50
134.50 141.50
134.00 141.00
133.50 140.50
133.00 140.00
132.50 140.00
132.00 139.50
131.50 139.00
131.00 138.50
130.50 138.00
130.00 137.50
129.50 137.00
129.50 136.50
129.00 136.00
129.00 135.50
129.00 135.00
128.50 134.50
128.50 134.00
128.50 133.50
128.50 133.00
128.50 132.50
128.50 132.00
128.50 131.50
128.50 131.00
128.50 130.50
128.50 130.00
128.50 129.50
129.00 129.00
129.00 128.50
129.50 128.00
130.00 127.50
130.50 127.00
131.00 127.00
131.50 126.50
132.00 126.00
132.50 126.00
133.00 125.50
133.50 125.50
134.00 125.50
134.50 125.50
135.00 125.50
135.50 125.50
