154.50 132.00
154.50 132.50
154.50 133.00
154.50 133.50
154.50 134.00
154.50 134.50
154.50 135.00
154.50 135.50
154.50 136.00
154.50 136.50
154.50 137.00
154.50 137.50
154.00 138.00
154.00 138.50
154.00 139.00
154.00 139.50
153.50 140.00
153.50 140.50
153.50 141.00
153.00 141.50
153.00 142.00
153.00 142.50
153.00 143.00
152.50 143.50
152.50 144.00
152.00 144.50
152.00 145.00
151.50 145.50
151.50 146.00
151.00 146.50
151.00 147.00
150.50 147.50
150.00 148.00
149.50 148.50
149.00 149.00
148.50 149.50
148.00 150.00
147.50 150.50
147.00 150.50
146.50 151.00
146.00 151.50
145.50 151.50
145.00 151.50
144.50 152.00
144.00 152.00
143.50 152.00
143.00 152.00
142.50 152.50
142.00 152.50
141.50 152.50
141.00 152.50
140.50 152.50
140.00 152.50
139.50 152.50
139.00 152.50
138.50 152.50
138.00 152.50
137.50 152.50
137.00 152.50
136.50 152.00
136.00 152.00
135.50 152.00
135.00 151.50
134.50 151.50
134.00 151.50
133.50 151.00
133.00 150.50
132.50 150.50
132.00 150.00
131.50 149.50
131.00 149.50
130.50 149.00
130.00 148.50
129.50 148.00
129.00 147.50
128.50 147.00
128.50 146.50
128.00 146.00
127.50 145.50
127.00 145.00
127.00 144.50
127.00 144.00
126.50 143.50
126.00 143.00
126.00 142.50
125.50 142.00
125.50 141.50
125.50 141.00
125.00 140.50
125.00 140.00
125.00 139.50
124.50 139.00
124.50 138.50
124.50 138.00
124.50 137.50
124.50 137.00
124.50 136.50
124.50 136.00
125.00 135.50
125.00 135.00
125.00 134.50
125.50 134.00
126.00 133.50
126.50 133.00
127.00 132.50
127.50 132.00
128.00 131.50
128.50 131.50
129.00 131.00
129.50 131.00
130.00 130.50
130.50 130.00
131.00 129.50
131.50 129.00
132.00 129.00
132.50 128.50
133.00 128.00
133.50 127.50
134.00 127.50
134.50 127.00
135.00 126.50
135.50 126.50
136.00 126.00
136.50 125.50
137.00 125.50
137.50 126.00
138.00 126.00
138.50 126.00
139.00 125.50
139.50 125.50
140.00 125.00
140.50 125.00
141.00 125.00
141.50 125.00
142.00 125.00
142.50 125.00
143.00 125.50
143.50 125.50
144.00 125.50
144.50 125.50
145.00 126.00
145.50 126.00
146.00 126.00
146.50 126.00
147.00 126.50
147.50 126.50
148.00 127.00
148.50 127.00
149.00 127.50
149.50 127.50
150.00 128.00
150.50 128.50
151.00 128.50
151.50 129.00
152.00 129.50
152.50 130.00
153.00 130.50
153.50 131.00
154.00 131.50
