112.00 123.00
111.50 122.50
111.50 122.00
111.00 121.50
110.50 121.00
110.50 120.50
110.50 120.00
110.50 119.50
110.00 119.00
110.00 118.50
110.00 118.00
110.00 117.50
110.00 117.00
110.00 116.50
110.00 116.00
110.00 115.50
110.50 115.00
111.00 114.50
111.00 114.00
111.50 113.50
112.00 113.00
112.50 112.50
113.00 112.00
113.50 111.50
114.00 111.00
114.50 110.50
115.00 110.00
115.50 109.50
116.00 109.00
116.50 109.00
117.00 108.50
117.50 108.00
118.00 107.50
118.50 107.50
119.00 107.50
119.50 107.00
120.00 107.00
120.50 107.00
121.00 106.50
121.50 106.50
122.00 106.50
122.50 106.50
123.00 106.50
123.50 106.50
124.00 106.50
124.50 106.50
125.00 106.50
125.50 107.00
126.00 107.00
126.50 107.00
127.00 107.00
127.50 107.00
128.00 107.00
128.50 107.50
129.00 107.50
129.50 107.50
130.00 107.50
130.50 108.00
131.00 108.00
131.50 108.50
132.00 108.50
132.50 108.50
133.00 109.00
133.50 109.50
134.00 109.50
134.50 110.00
135.00 110.50
135.50 111.00
135.50 111.50
136.00 112.00
136.50 112.50
136.50 113.00
137.00 113.50
137.00 114.00
137.00 114.50
137.50 115.00
137.50 115.50
137.50 116.00
137.50 116.50
137.50 117.00
137.50 117.50
137.50 118.00
137.50 118.50
137.50 119.00
137.50 119.50
137.00 120.00
137.00 120.50
137.00 121.00
136.50 121.50
136.50 122.00
136.50 122.50
136.00 123.00
136.00 123.50
135.50 124.00
135.00 124.50
134.50 125.00
134.00 125.50
134.00 126.00
133.50 126.50
133.00 126.50
132.50 127.00
132.50 127.50
132.00 128.00
131.50 128.00
131.00 128.50
130.50 129.00
130.00 129.00
129.50 129.50
129.00 130.00
128.50 130.50
128.00 131.00
127.50 131.00
127.00 131.50
126.50 131.50
126.00 131.50
125.50 132.00
125.00 132.00
124.50 132.00
124.00 132.00
123.50 132.00
123.00 132.00
122.50 132.00
122.00 131.50
121.50 131.50
121.00 131.00
120.50 131.00
120.00 131.00
119.50 130.50
119.00 130.50
118.50 130.00
118.00 129.50
117.50 129.00
117.00 129.00
116.50 128.50
116.00 128.00
116.50 127.50
116.00 127.00
115.50 126.50
115.00 126.50
114.50 126.00
114.50 125.50
114.00 125.00
113.50 124.50
113.00 124.00
112.50 123.50
112.00 123.00
