120.00 144.00
120.00 143.50
119.50 143.50
119.00 143.50
118.50 143.00
118.00 143.00
117.50 142.50
117.00 142.00
116.50 141.50
116.00 141.00
115.50 140.50
115.00 140.00
114.50 139.50
114.00 139.00
114.00 138.50
113.50 138.00
113.50 137.50
113.00 137.00
112.50 136.50
112.50 136.00
112.00 135.50
112.00 135.00
111.50 134.50
111.50 134.00
111.00 133.50
111.00 133.00
111.00 132.50
110.50 132.00
110.00 131.50
110.00 131.00
110.00 130.50
109.50 130.00
109.00 129.50
109.00 129.00
109.00 128.50
108.50 128.00
108.50 127.50
108.00 127.00
108.00 126.50
108.00 126.00
107.50 125.50
107.50 125.00
107.00 124.50
107.00 124.00
107.00 123.50
106.50 123.00
106.50 122.50
106.50 122.00
106.50 121.50
106.50 121.00
106.50 120.50
106.50 120.00
106.50 119.50
106.50 119.00
106.50 118.50
106.50 118.00
106.50 117.50
106.50 117.00
106.50 116.50
107.00 116.00
107.00 115.50
107.00 115.00
107.50 114.50
107.50 114.00
107.50 113.50
108.00 113.00
108.50 112.50
108.50 112.00
109.00 111.50
109.50 111.00
110.00 110.50
110.50 110.00
111.00 109.50
111.50 109.00
112.00 109.00
112.50 108.50
113.00 108.00
113.50 108.00
114.00 107.50
114.50 107.00
115.00 107.00
115.50 106.50
116.00 106.50
116.50 106.50
117.00 106.00
117.50 106.00
118.00 106.00
118.50 105.50
119.00 105.50
119.50 105.50
120.00 105.50
120.50 105.00
121.00 105.00
121.50 105.00
122.00 105.00
122.50 105.00
123.00 105.00
123.50 105.00
124.00 105.00
124.50 105.00
125.00 105.00
125.50 105.00
126.00 105.00
126.50 105.00
127.00 105.00
127.50 105.00
128.00 105.00
128.50 105.50
129.00 105.50
129.50 105.50
130.00 105.50
130.50 105.50
131.00 105.50
131.50 105.50
132.00 105.50
132.50 105.50
133.00 106.00
133.50 106.00
134.00 106.00
134.50 106.00
135.00 106.00
135.50 106.50
136.00 106.50
136.50 106.50
137.00 107.00
137.50 107.00
138.00 107.00
138.50 107.00
139.00 107.50
139.50 107.50
140.00 108.00
140.50 108.00
141.00 107.50
141.50 108.00
142.00 108.00
142.50 108.50
143.00 108.50
143.50 109.00
144.00 109.00
144.50 109.50
145.00 109.50
145.50 110.00
146.00 110.00
146.50 110.50
147.00 111.00
147.50 111.50
148.00 112.00
148.50 112.50
149.00 113.00
149.50 113.50
149.50 114.00
150.00 114.50
150.50 115.00
150.50 115.50
151.00 116.00
151.00 116.50
151.50 117.00
151.50 117.50
152.00 118.00
152.00 118.50
152.00 119.00
152.50 119.50
152.50 120.00
152.50 120.50
153.00 121.00
153.00 121.50
153.50 122.00
153.50 122.50
153.50 123.00
153.50 123.50
154.00 124.00
154.00 124.50
154.00 125.00
154.50 125.50
154.50 126.00
154.50 126.50
154.50 127.00
154.50 127.50
154.50 128.00
154.50 128.50
154.50 129.00
154.50 129.50
154.50 130.00
154.50 130.50
154.50 131.00
154.00 131.50
154.00 132.00
154.00 132.50
154.00 133.00
153.50 133.50
153.50 134.00
153.00 134.50
153.00 135.00
153.00 135.50
152.50 136.00
152.50 136.50
152.00 137.00
151.50 137.50
151.50 138.00
151.00 138.50
150.50 139.00
150.50 139.50
150.00 140.00
149.50 140.50
149.00 141.00
148.50 141.50
148.00 142.00
147.50 142.50
147.00 142.50
146.50 143.00
146.00 143.00
145.50 143.50
145.00 144.00
144.50 144.00
144.00 144.00
143.50 144.50
143.00 144.50
142.50 144.50
142.00 144.50
141.50 144.50
141.00 145.00
140.50 145.00
140.00 145.00
139.50 145.00
139.00 145.00
138.50 145.00
138.00 145.00
137.50 145.00
137.00 145.00
136.50 145.00
136.00 145.00
135.50 145.00
135.00 145.00
134.50 145.00
134.00 145.00
133.50 145.00
133.00 145.00
132.50 145.00
132.00 145.00
131.50 145.00
131.00 145.00
130.50 145.00
130.00 145.00
129.50 145.00
129.00 145.00
128.50 145.00
128.00 145.00
127.50 145.00
127.00 145.00
126.50 145.00
126.00 144.50
125.50 144.50
125.00 144.50
124.50 144.50
124.00 144.50
123.50 144.50
123.00 144.50
122.50 144.50
122.00 144.50
121.50 144.50
121.00 144.50
120.50 144.50
120.00 144.50
