138.00 136.50
137.50 136.50
137.00 136.50
136.50 137.00
136.00 137.00
135.50 137.00
135.00 137.00
134.50 136.50
134.00 136.50
133.50 136.50
133.00 136.50
132.50 136.50
132.00 136.00
131.50 136.00
131.00 135.50
130.50 135.00
130.00 135.00
129.50 134.50
129.00 134.00
128.50 133.50
128.00 133.00
128.00 132.50
127.50 132.00
127.00 131.50
127.00 131.00
126.50 130.50
126.50 130.00
126.00 129.50
126.00 129.00
126.00 128.50
126.00 128.00
125.50 127.50
125.50 127.00
125.50 126.50
125.50 126.00
125.50 125.50
125.50 125.00
125.50 124.50
125.50 124.00
126.00 123.50
126.00 123.00
126.00 122.50
126.00 122.00
126.50 121.50
127.00 121.00
127.00 120.50
127.50 120.00
128.00 119.50
128.50 119.00
129.00 118.50
129.50 118.00
130.00 117.50
130.50 117.00
131.00 117.00
131.50 116.50
132.00 116.50
132.50 116.50
133.00 116.00
133.50 116.00
134.00 116.00
134.50 116.00
135.00 116.00
135.50 116.00
136.00 116.00
136.50 116.00
137.00 116.00
137.50 116.00
138.00 116.00
138.50 116.50
139.00 116.50
139.50 117.00
140.00 117.50
140.50 118.00
141.00 118.50
141.50 119.00
142.00 119.50
142.50 120.00
142.50 120.50
143.00 121.00
143.50 121.50
143.50 122.00
143.50 122.50
144.00 123.00
144.00 123.50
144.00 124.00
144.50 124.50
144.50 125.00
144.50 125.50
144.50 126.00
144.50 126.50
144.50 127.00
144.50 127.50
144.50 128.00
144.50 128.50
144.50 129.00
144.00 129.50
144.00 130.00
144.00 130.50
143.50 131.00
143.50 131.50
143.00 132.00
143.00 132.50
142.50 133.00
142.00 133.50
141.50 134.00
141.00 134.50
140.50 135.00
140.00 135.50
139.50 136.00
139.00 136.00
138.50 136.50
