119.50 124.00
119.50 123.50
120.00 123.00
120.00 122.50
120.00 122.00
120.50 121.50
120.50 121.00
120.50 120.50
121.00 120.00
121.50 119.50
122.00 119.00
122.50 118.50
123.00 118.50
123.50 118.00
124.00 118.00
124.50 118.00
125.00 117.50
125.50 117.50
126.00 117.50
126.50 117.00
127.00 117.00
127.50 117.00
128.00 117.00
128.50 117.00
129.00 117.00
129.50 117.00
130.00 117.00
130.50 117.00
131.00 117.00
131.50 117.00
132.00 117.50
132.50 117.50
133.00 117.50
133.50 118.00
134.00 118.00
134.50 118.00
135.00 118.50
135.50 119.00
136.00 119.50
136.50 120.00
137.00 120.50
137.00 121.00
137.50 121.50
138.00 122.00
138.00 122.50
138.50 123.00
138.50 123.50
138.50 124.00
139.00 124.50
139.00 125.00
139.00 125.50
139.00 126.00
139.50 126.50
139.50 127.00
139.50 127.50
139.50 128.00
139.50 128.50
139.50 129.00
139.50 129.50
139.50 130.00
139.00 130.50
139.00 131.00
139.00 131.50
138.50 132.00
138.00 132.50
137.50 133.00
137.00 133.50
136.50 134.00
136.00 134.00
135.50 134.50
135.00 135.00
134.50 135.00
134.00 135.00
133.50 135.50
133.00 135.50
132.50 135.50
132.00 135.50
131.50 136.00
131.00 136.00
130.50 136.00
130.00 136.00
129.50 136.00
129.00 136.00
128.50 136.00
128.00 135.50
127.50 135.50
127.00 135.50
126.50 135.50
126.00 135.50
125.50 135.00
125.00 135.00
124.50 134.50
124.00 134.50
123.50 134.50
123.00 134.00
122.50 133.50
122.00 133.50
121.50 133.50
121.00 133.00
120.50 132.50
120.00 132.00
120.00 131.50
119.50 131.00
119.00 130.50
119.00 130.00
118.50 129.50
118.50 129.00
118.50 128.50
118.50 128.00
118.50 127.50
118.50 127.00
118.50 126.50
118.50 126.00
118.50 125.50
118.50 125.00
119.00 124.50
