151.00 148.00
150.50 148.00
150.00 148.00
149.50 148.50
149.00 148.50
148.50 148.50
148.00 149.00
147.50 149.00
147.00 149.00
146.50 149.00
146.00 149.00
145.50 149.50
145.00 149.50
144.50 149.50
144.00 149.50
143.50 149.50
143.00 149.50
142.50 149.50
142.00 149.50
141.50 149.50
141.00 149.50
140.50 149.50
140.00 149.50
139.50 149.50
139.00 149.50
138.50 149.50
138.00 149.00
137.50 149.00
137.00 149.00
136.50 148.50
136.00 148.50
135.50 148.00
135.00 147.50
134.50 147.50
134.00 147.00
133.50 146.50
133.50 146.00
133.00 145.50
132.50 145.00
132.00 144.50
132.00 144.00
131.50 143.50
131.50 143.00
131.00 142.50
131.00 142.00
130.50 141.50
130.50 141.00
130.50 140.50
130.00 140.00
130.00 139.50
129.50 139.00
129.50 138.50
129.50 138.00
129.50 137.50
129.00 137.00
129.00 136.50
129.00 136.00
128.50 135.50
128.50 135.00
128.50 134.50
128.50 134.00
128.50 133.50
128.00 133.00
128.00 132.50
128.00 132.00
128.00 131.50
128.00 131.00
128.00 130.50
128.00 130.00
128.00 129.50
128.00 129.00
128.00 128.50
128.00 128.00
128.00 127.50
128.00 127.00
128.50 126.50
128.50 126.00
128.50 125.50
128.50 125.00
129.00 124.50
129.50 124.00
129.50 123.50
129.50 123.00
130.00 122.50
130.50 122.00
130.50 121.50
131.00 121.00
131.50 120.50
132.00 120.00
132.50 119.50
133.00 119.00
133.50 118.50
134.00 118.50
134.50 118.00
135.00 118.00
135.50 118.00
136.00 117.50
136.50 117.50
137.00 117.50
137.50 117.00
138.00 117.00
138.50 117.00
139.00 117.00
139.50 117.00
140.00 116.50
140.50 116.50
141.00 116.50
141.50 116.50
142.00 116.50
142.50 116.50
143.00 116.50
143.50 116.50
144.00 116.50
144.50 116.50
145.00 116.50
145.50 116.50
146.00 116.50
146.50 116.50
147.00 117.00
147.50 117.00
148.00 117.00
148.50 117.00
149.00 117.50
149.50 117.50
150.00 117.50
150.50 118.00
151.00 118.00
151.50 118.50
152.00 119.00
152.50 119.00
153.00 119.50
153.50 119.50
154.00 120.00
154.50 120.50
155.00 121.00
155.50 121.50
156.00 122.00
156.50 122.50
157.00 123.00
157.50 123.50
157.50 124.00
158.00 124.50
158.00 125.00
158.50 125.50
159.00 126.00
159.00 126.50
159.50 127.00
159.50 127.50
159.50 128.00
160.00 128.50
160.00 129.00
160.00 129.50
160.00 130.00
160.50 130.50
160.50 131.00
160.50 131.50
160.50 132.00
160.50 132.50
160.50 133.00
160.50 133.50
160.50 134.00
160.50 134.50
160.50 135.00
160.50 135.50
160.50 136.00
160.50 136.50
160.00 137.00
160.00 137.50
160.00 138.00
159.50 138.50
159.50 139.00
159.00 139.50
159.00 140.00
158.50 140.50
158.50 141.00
158.00 141.50
157.50 142.00
157.50 142.50
157.00 143.00
156.50 143.50
156.00 144.00
155.50 144.50
155.00 145.00
154.50 145.50
154.00 146.00
153.50 146.00
153.00 146.50
152.50 147.00
152.00 147.00
151.50 147.50
