128.50 111.00
129.00 110.50
129.50 110.50
130.00 110.00
130.50 110.00
131.00 110.00
131.50 109.50
132.00 109.50
132.50 109.50
133.00 109.50
133.50 109.00
134.00 109.00
134.50 109.00
135.00 109.00
135.50 109.00
136.00 109.00
136.50 109.00
137.00 109.00
137.50 109.50
138.00 109.50
138.50 109.50
139.00 110.00
139.50 110.50
140.00 110.50
140.50 111.00
141.00 111.50
141.50 112.00
142.00 112.50
142.50 113.00
142.50 113.50
143.00 114.00
143.00 114.50
143.50 115.00
144.00 115.50
144.00 116.00
144.00 116.50
144.50 117.00
144.50 117.50
145.00 118.00
145.00 118.50
145.00 119.00
145.00 119.50
145.50 120.00
145.50 120.50
145.50 121.00
145.50 121.50
145.50 122.00
145.50 122.50
145.50 123.00
145.50 123.50
145.50 124.00
145.50 124.50
145.50 125.00
145.00 125.50
145.00 126.00
145.00 126.50
145.00 127.00
144.50 127.50
144.00 128.00
144.00 128.50
143.50 129.00
143.00 129.50
143.00 130.00
142.50 130.50
142.00 131.00
141.50 131.50
141.00 131.50
140.50 132.00
140.00 132.50
139.50 133.00
139.00 133.00
138.50 133.50
138.00 133.50
137.50 133.50
137.00 134.00
136.50 134.00
136.00 134.00
135.50 134.00
135.00 134.00
134.50 134.00
134.00 134.00
133.50 134.00
133.00 134.00
132.50 134.00
132.00 134.00
131.50 134.00
131.00 134.00
130.50 133.50
130.00 133.50
129.50 133.50
129.00 133.00
128.50 133.00
128.00 132.50
127.50 132.00
127.00 132.00
126.50 131.50
126.00 131.00
125.50 130.50
125.00 130.00
124.50 129.50
124.00 129.00
124.00 128.50
123.50 128.00
123.00 127.50
123.00 127.00
123.00 126.50
122.50 126.00
122.50 125.50
122.50 125.00
122.00 124.50
122.00 124.00
122.00 123.50
122.00 123.00
122.00 122.50
121.50 122.00
121.50 121.50
121.50 121.00
122.00 120.50
122.00 120.00
122.00 119.50
122.00 119.00
122.00 118.50
122.50 118.00
122.50 117.50
122.50 117.00
123.00 116.50
123.00 116.00
123.50 115.50
124.00 115.00
124.50 114.50
125.00 114.00
125.00 113.50
125.50 113.00
126.00 112.50
126.50 112.50
127.00 112.00
127.50 111.50
128.00 111.50
