157.50 127.00
157.00 127.50
157.00 128.00
156.50 128.50
156.00 129.00
155.50 129.50
155.00 130.00
154.50 130.50
154.00 130.50
153.50 131.00
153.00 131.00
152.50 131.50
152.00 132.00
151.50 132.00
151.00 132.50
150.50 132.50
150.00 132.50
149.50 133.00
149.00 133.00
148.50 133.50
148.00 133.50
147.50 134.00
147.00 134.00
146.50 134.00
146.00 134.00
145.50 134.50
145.00 134.50
144.50 134.50
144.00 134.50
143.50 135.00
143.00 135.00
142.50 135.00
142.00 135.00
141.50 135.00
141.00 135.00
140.50 135.50
140.00 135.50
139.50 135.50
139.00 135.50
138.50 135.50
138.00 135.50
137.50 135.50
137.00 135.50
136.50 135.50
136.00 135.50
135.50 135.50
135.00 135.50
134.50 135.50
134.00 135.50
133.50 135.50
133.00 135.50
132.50 135.50
132.00 135.00
131.50 135.00
131.00 135.00
130.50 135.00
130.00 135.00
129.50 135.00
129.00 134.50
128.50 134.50
128.00 134.50
127.50 134.00
127.00 134.00
126.50 134.00
126.00 133.50
125.50 133.50
125.00 133.00
124.50 133.00
124.00 132.50
123.50 132.00
123.00 132.00
122.50 131.50
122.00 131.00
121.50 130.50
121.00 130.00
120.50 129.50
120.50 129.00
120.00 128.50
120.00 128.00
119.50 127.50
119.00 127.00
118.50 126.50
118.50 126.00
118.50 125.50
118.00 125.00
118.00 124.50
117.50 124.00
117.50 123.50
117.00 123.00
117.00 122.50
116.50 122.00
116.50 121.50
116.50 121.00
116.00 120.50
116.00 120.00
116.00 119.50
115.50 119.00
115.50 118.50
115.50 118.00
115.00 117.50
115.00 117.00
115.00 116.50
115.00 116.00
115.00 115.50
114.50 115.00
114.50 114.50
114.50 114.00
114.50 113.50
114.50 113.00
114.50 112.50
114.50 112.00
114.50 111.50
114.50 111.00
114.50 110.50
114.50 110.00
115.00 109.50
115.00 109.00
115.00 108.50
115.00 108.00
115.50 107.50
115.50 107.00
116.00 106.50
116.00 106.00
116.50 105.50
116.50 105.00
117.00 104.50
117.00 104.00
117.50 103.50
118.00 103.00
118.50 102.50
118.50 102.00
119.00 101.50
119.50 101.50
120.00 101.00
120.50 100.50
121.00 100.50
121.50 100.00
122.00 100.00
122.50 99.50
123.00 99.50
123.50 99.00
124.00 99.00
124.50 99.00
125.00 99.00
125.50 98.50
126.00 98.50
126.50 98.50
127.00 98.50
127.50 98.50
128.00 98.50
128.50 98.50
129.00 98.00
129.50 98.00
130.00 98.00
130.50 98.00
131.00 98.00
131.50 98.00
132.00 98.00
132.50 98.00
133.00 97.50
133.50 97.50
134.00 97.50
134.50 97.50
135.00 97.50
135.50 97.50
136.00 97.50
136.50 97.50
137.00 97.50
137.50 97.50
138.00 97.50
138.50 97.50
139.00 97.50
139.50 97.50
140.00 97.50
140.50 97.50
141.00 97.50
141.50 97.50
142.00 97.50
142.50 97.50
143.00 97.50
143.50 97.50
144.00 98.00
144.50 98.00
145.00 98.00
145.50 98.00
146.00 98.00
146.50 98.50
147.00 98.50
147.50 98.50
148.00 99.00
148.50 99.00
149.00 99.50
149.50 100.00
150.00 100.00
150.50 100.00
151.00 100.50
151.50 101.00
152.00 101.00
152.50 101.50
153.00 102.00
153.50 102.50
154.00 103.00
154.50 103.50
155.00 104.00
155.50 104.50
156.00 105.00
156.50 105.50
156.50 106.00
157.00 106.50
157.50 107.00
157.50 107.50
158.00 108.00
158.00 108.50
158.50 109.00
158.50 109.50
158.50 110.00
159.00 110.50
159.00 111.00
159.00 111.50
159.50 112.00
159.50 112.50
159.50 113.00
159.50 113.50
159.50 114.00
160.00 114.50
160.00 115.00
160.00 115.50
160.00 116.00
160.00 116.50
160.00 117.00
160.00 117.50
160.00 118.00
160.00 118.50
160.00 119.00
160.00 119.50
160.00 120.00
160.00 120.50
160.00 121.00
160.00 121.50
159.50 122.00
159.50 122.50
159.50 123.00
159.50 123.50
159.00 124.00
159.00 124.50
159.00 125.00
158.50 125.50
158.50 126.00
158.00 126.50
