151.00 126.50
151.00 127.00
151.00 127.50
150.50 128.00
150.50 128.50
150.50 129.00
150.50 129.50
150.00 130.00
150.00 130.50
150.00 131.00
150.00 131.50
149.50 132.00
149.50 132.50
149.00 133.00
149.00 133.50
148.50 134.00
148.50 134.50
148.00 135.00
148.00 135.50
147.50 136.00
147.50 136.50
147.00 137.00
146.50 137.50
146.00 138.00
145.50 138.50
145.00 139.00
144.50 139.50
144.00 140.00
143.50 140.50
143.00 141.00
142.50 141.00
142.00 141.50
141.50 142.00
141.00 142.00
140.50 142.50
140.00 142.50
139.50 143.00
139.00 143.50
138.50 143.50
138.00 143.50
137.50 144.00
137.00 144.50
136.50 144.50
136.00 144.50
135.50 145.00
135.00 145.00
134.50 145.50
134.00 145.50
133.50 145.50
133.00 146.00
132.50 146.00
132.00 146.00
131.50 146.00
131.00 146.50
130.50 146.50
130.00 146.50
129.50 146.50
129.00 146.50
128.50 147.00
128.00 147.00
127.50 147.00
127.00 147.00
126.50 147.00
126.00 147.00
125.50 147.00
125.00 147.00
124.50 147.00
124.00 147.00
123.50 147.00
123.00 147.00
122.50 147.00
122.00 146.50
121.50 146.50
121.00 146.50
120.50 146.50
120.00 146.50
119.50 146.00
119.00 146.00
118.50 146.00
118.00 145.50
117.50 145.50
117.00 145.50
116.50 145.00
116.00 145.00
115.50 144.50
115.00 144.50
114.50 144.00
114.00 143.50
113.50 143.50
113.00 143.00
112.50 142.50
112.00 142.00
111.50 141.50
111.00 141.00
110.50 140.50
110.50 140.00
110.00 139.50
109.50 139.00
109.50 138.50
109.00 138.00
109.00 137.50
108.50 137.00
108.00 136.50
108.00 136.00
108.00 135.50
107.50 135.00
107.50 134.50
107.50 134.00
107.00 133.50
107.00 133.00
107.00 132.50
107.00 132.00
106.50 131.50
106.50 131.00
106.50 130.50
106.50 130.00
106.00 129.50
106.00 129.00
106.00 128.50
106.00 128.00
106.00 127.50
105.50 127.00
105.50 126.50
105.50 126.00
105.50 125.50
105.50 125.00
105.50 124.50
105.50 124.00
105.50 123.50
105.50 123.00
105.50 122.50
105.50 122.00
105.50 121.50
105.50 121.00
105.50 120.50
105.50 120.00
105.50 119.50
105.50 119.00
105.50 118.50
105.50 118.00
105.50 117.50
105.50 117.00
106.00 116.50
106.00 116.00
106.00 115.50
106.00 115.00
106.50 114.50
106.50 114.00
106.50 113.50
107.00 113.00
107.00 112.50
107.50 112.00
107.50 111.50
108.00 111.00
108.00 110.50
108.50 110.00
109.00 109.50
109.50 109.00
109.50 108.50
110.00 108.00
110.50 107.50
111.00 107.00
111.50 106.50
112.00 106.00
112.50 105.50
113.00 105.50
113.50 105.00
114.00 104.50
114.50 104.50
115.00 104.00
115.50 103.50
116.00 103.50
116.50 103.50
117.00 103.00
117.50 103.00
118.00 102.50
118.50 102.50
119.00 102.00
119.50 102.00
120.00 102.00
120.50 102.00
121.00 101.50
121.50 101.50
122.00 101.50
122.50 101.50
123.00 101.50
123.50 101.50
124.00 101.00
124.50 101.00
125.00 101.00
125.50 101.00
126.00 101.00
126.50 101.00
127.00 101.00
127.50 101.00
128.00 101.00
128.50 101.00
129.00 101.00
129.50 101.50
130.00 101.50
130.50 101.50
131.00 101.50
131.50 101.50
132.00 101.50
132.50 102.00
133.00 102.00
133.50 102.00
134.00 102.00
134.50 102.50
135.00 102.50
135.50 102.50
136.00 103.00
136.50 103.00
137.00 103.50
137.50 103.50
138.00 104.00
138.50 104.00
139.00 104.00
139.50 104.50
140.00 105.00
140.50 105.00
141.00 105.50
141.50 105.50
142.00 106.00
142.50 106.50
143.00 107.00
143.50 107.00
144.00 107.50
144.50 108.00
145.00 108.50
145.50 109.00
146.00 109.50
146.50 110.00
147.00 110.50
147.00 111.00
147.50 111.50
148.00 112.00
148.50 112.50
149.00 113.00
149.00 113.50
149.50 114.00
149.50 114.50
150.00 115.00
150.00 115.50
150.00 116.00
150.50 116.50
150.50 117.00
150.50 117.50
151.00 118.00
151.00 118.50
151.00 119.00
151.00 119.50
151.00 120.00
151.00 120.50
151.00 121.00
151.00 121.50
151.00 122.00
151.00 122.50
151.00 123.00
151.00 123.50
151.00 124.00
151.00 124.50
151.00 125.00
151.00 125.50
151.00 126.00
