153.00 116.00
153.00 116.50
153.50 117.00
153.50 117.50
153.50 118.00
153.50 118.50
153.50 119.00
153.50 119.50
153.50 120.00
153.50 120.50
153.50 121.00
153.00 121.50
153.00 122.00
153.00 122.50
153.00 123.00
152.50 123.50
152.50 124.00
152.00 124.50
151.50 125.00
151.00 125.50
150.50 126.00
150.00 126.00
149.50 126.50
149.00 127.00
148.50 127.00
148.00 127.00
147.50 127.50
147.00 127.50
146.50 128.00
146.00 128.00
145.50 128.00
145.00 128.00
144.50 128.50
144.00 128.50
143.50 128.50
143.00 129.00
142.50 129.00
142.00 129.00
141.50 129.00
141.00 129.00
140.50 129.50
140.00 129.50
139.50 129.50
139.00 129.50
138.50 129.50
138.00 129.50
137.50 129.00
137.00 129.00
136.50 129.00
136.00 129.00
135.50 128.50
135.00 128.00
134.50 128.00
134.00 127.50
133.50 127.00
133.00 126.50
133.00 126.00
132.50 125.50
132.50 125.00
132.00 124.50
131.50 124.00
131.50 123.50
131.50 123.00
131.00 122.50
131.00 122.00
131.00 121.50
131.00 121.00
130.50 120.50
130.50 120.00
130.50 119.50
130.50 119.00
130.50 118.50
130.50 118.00
131.00 117.50
131.00 117.00
131.00 116.50
131.00 116.00
131.00 115.50
131.00 115.00
131.50 114.50
131.50 114.00
131.50 113.50
132.00 113.00
132.00 112.50
132.00 112.00
132.50 111.50
132.50 111.00
133.00 110.50
133.50 110.00
134.00 109.50
134.50 109.00
135.00 108.50
135.50 108.50
136.00 108.00
136.50 108.00
137.00 108.00
137.50 107.50
138.00 107.50
138.50 107.50
139.00 107.50
139.50 107.50
140.00 107.50
140.50 107.50
141.00 107.50
141.50 107.50
142.00 107.50
142.50 107.50
143.00 107.50
143.50 107.50
144.00 107.50
144.50 108.00
145.00 108.00
145.50 108.00
146.00 108.00
146.50 108.00
147.00 108.50
147.50 108.50
148.00 109.00
148.50 109.00
149.00 109.00
149.50 109.50
150.00 110.00
150.50 110.50
151.00 111.00
151.50 111.50
151.50 112.00
152.00 112.50
152.00 113.00
152.50 113.50
152.50 114.00
152.50 114.50
153.00 115.00
153.00 115.50
