108.50 129.50
108.50 129.00
109.00 128.50
109.00 128.00
109.50 127.50
109.50 127.00
109.50 126.50
110.00 126.00
110.50 125.50
110.50 125.00
110.50 124.50
111.00 124.00
111.50 123.50
111.50 123.00
112.00 122.50
112.50 122.00
113.00 121.50
113.50 121.00
114.00 120.50
114.50 120.00
115.00 119.50
115.50 119.00
116.00 119.00
116.50 118.50
117.00 118.00
117.50 118.00
118.00 118.00
118.50 117.50
119.00 117.50
119.50 117.50
120.00 117.50
120.50 117.00
121.00 117.00
121.50 117.00
122.00 117.00
122.50 117.00
123.00 117.00
123.50 117.00
124.00 117.00
124.50 117.00
125.00 117.00
125.50 117.00
126.00 117.00
126.50 117.00
127.00 117.00
127.50 117.00
128.00 117.00
128.50 117.00
129.00 117.00
129.50 117.00
130.00 117.50
130.50 117.50
131.00 117.50
131.50 117.50
132.00 117.50
132.50 117.50
133.00 118.00
133.50 118.00
134.00 118.00
134.50 118.00
135.00 118.50
135.50 118.50
136.00 118.50
136.50 118.50
137.00 119.00
137.50 119.00
138.00 119.00
138.50 119.50
139.00 119.50
139.50 119.50
140.00 120.00
140.50 120.50
141.00 120.50
141.50 120.50
142.00 121.00
142.50 121.50
143.00 121.50
143.50 121.50
144.00 122.00
144.50 122.50
145.00 122.50
145.50 123.00
146.00 123.50
146.50 124.00
147.00 124.50
147.50 124.50
148.00 125.00
148.50 125.50
149.00 126.00
149.50 126.50
150.00 127.00
150.50 127.50
151.00 128.00
151.50 128.50
151.50 129.00
152.00 129.50
152.00 130.00
152.50 130.50
153.00 131.00
153.50 131.50
153.50 132.00
154.00 132.50
154.00 133.00
154.00 133.50
154.50 134.00
154.50 134.50
155.00 135.00
155.00 135.50
155.00 136.00
155.50 136.50
155.50 137.00
155.50 137.50
155.50 138.00
155.50 138.50
156.00 139.00
156.00 139.50
156.00 140.00
156.00 140.50
156.00 141.00
156.00 141.50
156.00 142.00
156.00 142.50
156.00 143.00
156.00 143.50
156.00 144.00
156.00 144.50
155.50 145.00
155.50 145.50
155.50 146.00
155.50 146.50
155.00 147.00
155.00 147.50
155.00 148.00
155.00 148.50
154.50 149.00
154.50 149.50
154.00 150.00
154.00 150.50
153.50 151.00
153.50 151.50
153.00 152.00
152.50 152.50
152.50 153.00
152.00 153.50
151.50 154.00
151.50 154.50
151.00 155.00
150.50 155.50
150.00 156.00
149.50 156.50
149.00 157.00
148.50 157.50
148.00 157.50
147.50 158.00
147.00 158.50
146.50 158.50
146.00 159.00
145.50 159.00
145.00 159.50
144.50 160.00
144.00 160.00
143.50 160.00
143.00 160.50
142.50 160.50
142.00 160.50
141.50 161.00
141.00 161.00
140.50 161.00
140.00 161.00
139.50 161.00
139.00 161.50
138.50 161.50
138.00 161.50
137.50 161.50
137.00 161.50
136.50 161.50
136.00 162.00
135.50 162.00
135.00 162.00
134.50 162.00
134.00 162.00
133.50 162.00
133.00 162.00
132.50 162.00
132.00 162.00
131.50 162.00
131.00 162.00
130.50 162.00
130.00 162.00
129.50 162.00
129.00 162.00
128.50 162.00
128.00 162.00
127.50 162.00
127.00 162.00
126.50 162.00
126.00 161.50
125.50 161.50
125.00 161.50
124.50 161.50
124.00 161.50
123.50 161.50
123.00 161.50
122.50 161.00
122.00 161.00
121.50 161.00
121.00 161.00
120.50 160.50
120.00 160.50
119.50 160.00
119.00 160.00
118.50 160.00
118.00 159.50
117.50 159.50
117.00 159.00
116.50 159.00
116.00 158.50
115.50 158.00
115.00 157.50
114.50 157.50
114.00 157.00
113.50 156.50
113.00 156.00
112.50 155.50
112.00 155.00
111.50 154.50
111.50 154.00
111.00 153.50
110.50 153.00
110.00 152.50
110.00 152.00
109.50 151.50
109.50 151.00
109.00 150.50
108.50 150.00
108.50 149.50
108.50 149.00
108.00 148.50
108.00 148.00
107.50 147.50
107.50 147.00
107.50 146.50
107.00 146.00
107.00 145.50
107.00 145.00
107.00 144.50
107.00 144.00
106.50 143.50
106.50 143.00
106.50 142.50
106.50 142.00
106.50 141.50
106.50 141.00
106.50 140.50
106.50 140.00
106.50 139.50
106.50 139.00
106.50 138.50
106.50 138.00
106.50 137.50
106.50 137.00
106.50 136.50
107.00 136.00
107.00 135.50
107.00 135.00
107.00 134.50
107.00 134.00
107.50 133.50
107.50 133.00
107.50 132.50
107.50 132.00
108.00 131.50
108.00 131.00
108.00 130.50
108.50 130.00
