144.00 123.50
143.50 124.00
143.00 124.50
142.50 125.00
142.00 125.50
141.50 126.00
141.00 126.50
140.50 127.00
140.00 127.50
139.50 128.00
139.00 128.00
138.50 128.50
138.00 128.50
137.50 129.00
137.00 129.00
136.50 129.50
136.00 129.50
135.50 129.50
135.00 129.50
134.50 130.00
134.00 130.00
133.50 130.00
133.00 130.00
132.50 130.00
132.00 130.00
131.50 129.50
131.00 129.50
130.50 129.50
130.00 129.50
129.50 129.50
129.00 129.00
128.50 129.00
128.00 128.50
127.50 128.50
127.00 128.50
126.50 128.00
126.00 127.50
125.50 127.50
125.00 127.00
124.50 127.00
124.00 126.50
123.50 126.00
124.00 125.50
123.50 125.00
123.50 124.50
123.00 124.00
123.00 123.50
122.50 123.00
122.50 122.50
122.50 122.00
122.50 121.50
122.50 121.00
122.50 120.50
122.50 120.00
122.50 119.50
122.50 119.00
122.50 118.50
122.50 118.00
122.50 117.50
123.00 117.00
123.00 116.50
123.00 116.00
123.50 115.50
123.50 115.00
124.00 114.50
124.50 114.00
125.00 113.50
125.50 113.00
126.00 112.50
126.50 112.50
127.00 112.00
127.50 111.50
128.00 111.50
128.50 111.00
129.00 111.00
129.50 111.00
130.00 111.00
130.50 110.50
131.00 110.50
131.50 110.50
132.00 110.50
132.50 110.50
133.00 111.00
133.50 111.00
134.00 111.00
134.50 111.00
135.00 111.00
135.50 111.50
136.00 111.50
136.50 111.50
137.00 112.00
137.50 112.00
138.00 112.00
138.50 112.50
139.00 112.50
139.50 113.00
140.00 113.00
140.50 113.50
141.00 113.50
141.50 114.00
142.00 114.50
142.50 115.00
143.00 115.50
143.50 116.00
144.00 116.50
144.00 117.00
144.00 117.50
144.50 118.00
144.50 118.50
144.50 119.00
144.50 119.50
144.50 120.00
144.50 120.50
144.50 121.00
144.00 121.50
144.00 122.00
144.00 122.50
144.00 123.00
