117.00 134.00
117.50 133.50
118.00 133.50
118.50 133.00
119.00 132.50
119.50 132.50
120.00 132.00
120.50 132.00
121.00 131.50
121.50 131.50
122.00 131.00
122.50 131.00
123.00 131.00
123.50 131.00
124.00 131.00
124.50 131.00
125.00 130.50
125.50 130.50
126.00 130.50
126.50 131.00
127.00 131.00
127.50 131.00
128.00 131.00
128.50 131.00
129.00 131.00
129.50 131.00
130.00 131.00
130.50 131.50
131.00 131.50
131.50 131.50
132.00 131.50
132.50 131.50
133.00 131.50
133.50 131.50
134.00 131.50
134.50 132.00
135.00 132.00
135.50 132.00
136.00 132.00
136.50 132.00
137.00 132.50
137.50 132.50
138.00 132.50
138.50 132.50
139.00 133.00
139.50 133.50
140.00 133.50
140.50 134.00
141.00 134.50
141.50 135.00
141.50 135.50
142.00 136.00
142.00 136.50
142.50 137.00
142.50 137.50
142.50 138.00
143.00 138.50
143.00 139.00
143.00 139.50
143.50 140.00
143.50 140.50
143.50 141.00
144.00 141.50
144.00 142.00
144.00 142.50
144.50 143.00
144.50 143.50
144.50 144.00
144.50 144.50
145.00 145.00
145.00 145.50
145.00 146.00
145.50 146.50
145.50 147.00
145.50 147.50
145.50 148.00
145.50 148.50
145.50 149.00
145.50 149.50
145.50 150.00
145.50 150.50
145.50 151.00
145.50 151.50
145.50 152.00
145.50 152.50
145.50 153.00
145.00 153.50
145.00 154.00
145.00 154.50
145.00 155.00
144.50 155.50
144.50 156.00
144.50 156.50
144.00 157.00
144.00 157.50
143.50 158.00
143.50 158.50
143.00 159.00
143.00 159.50
142.50 160.00
142.00 160.50
141.50 161.00
141.00 161.50
140.50 162.00
140.00 162.50
139.50 162.50
139.00 163.00
138.50 163.00
138.00 163.00
137.50 163.50
137.00 163.50
136.50 163.50
136.00 163.50
135.50 163.50
135.00 163.50
134.50 163.50
134.00 163.50
133.50 163.50
133.00 163.50
132.50 163.50
132.00 163.50
131.50 163.50
131.00 163.00
130.50 163.00
130.00 163.00
129.50 163.00
129.00 162.50
128.50 162.50
128.00 162.50
127.50 162.00
127.00 162.00
126.50 162.00
126.00 161.50
125.50 161.50
125.00 161.00
124.50 161.00
124.00 160.50
123.50 160.50
123.00 160.00
122.50 160.00
122.00 159.50
121.50 159.00
121.00 159.00
120.50 158.50
120.00 158.00
119.50 158.00
119.00 157.50
118.50 157.00
118.00 156.50
117.50 156.50
117.00 156.00
117.00 155.50
116.50 155.00
116.00 154.50
115.50 154.00
115.00 153.50
114.50 153.00
114.00 152.50
114.00 152.00
113.50 151.50
113.00 151.00
112.50 150.50
112.00 150.00
112.00 149.50
111.50 149.00
111.50 148.50
111.00 148.00
111.00 147.50
111.00 147.00
111.00 146.50
110.50 146.00
110.50 145.50
110.50 145.00
110.50 144.50
110.50 144.00
110.50 143.50
110.50 143.00
110.50 142.50
110.50 142.00
111.00 141.50
111.00 141.00
111.50 140.50
111.50 140.00
111.50 139.50
112.00 139.00
112.50 138.50
113.00 138.00
113.50 137.50
114.00 137.00
114.50 136.50
114.50 136.00
115.00 135.50
115.50 135.00
116.00 134.50
116.50 134.50
