148.50 112.50
149.00 113.00
149.50 113.50
149.50 114.00
150.00 114.50
150.50 115.00
150.50 115.50
150.50 116.00
151.00 116.50
151.00 117.00
151.50 117.50
151.50 118.00
151.50 118.50
152.00 119.00
152.00 119.50
152.00 120.00
152.00 120.50
152.00 121.00
152.50 121.50
152.50 122.00
152.50 122.50
152.50 123.00
152.50 123.50
152.50 124.00
152.50 124.50
152.50 125.00
152.50 125.50
152.50 126.00
152.50 126.50
152.50 127.00
152.00 127.50
152.00 128.00
152.00 128.50
152.00 129.00
151.50 129.50
151.50 130.00
151.50 130.50
151.00 131.00
151.00 131.50
151.00 132.00
150.50 132.50
150.00 133.00
149.50 133.50
149.50 134.00
149.00 134.50
148.50 135.00
148.00 135.50
147.50 136.00
147.00 136.50
146.50 136.50
146.00 136.50
145.50 137.00
145.00 137.00
144.50 137.50
144.00 137.50
143.50 137.50
143.00 138.00
142.50 138.00
142.00 138.00
141.50 138.00
141.00 138.50
140.50 138.50
140.00 138.50
139.50 138.50
139.00 138.50
138.50 138.50
138.00 138.50
137.50 138.50
137.00 138.50
136.50 138.50
136.00 138.50
135.50 138.50
135.00 138.50
134.50 138.50
134.00 138.50
133.50 138.50
133.00 138.50
132.50 138.00
132.00 138.00
131.50 138.00
131.00 138.00
130.50 137.50
130.00 137.50
129.50 137.50
129.00 137.00
128.50 137.00
128.00 137.00
127.50 136.50
127.00 136.50
126.50 136.00
126.00 136.00
125.50 135.50
125.00 135.50
124.50 135.00
124.00 134.50
123.50 134.50
123.00 134.00
122.50 133.50
122.00 133.50
121.50 133.00
121.00 132.50
120.50 132.00
120.00 131.50
119.50 131.00
119.00 130.50
118.50 130.00
118.50 129.50
118.00 129.00
117.50 128.50
117.50 128.00
117.00 127.50
116.50 127.00
116.50 126.50
116.50 126.00
116.00 125.50
115.50 125.00
115.50 124.50
115.00 124.00
115.00 123.50
115.00 123.00
114.50 122.50
114.50 122.00
114.50 121.50
114.50 121.00
114.00 120.50
114.00 120.00
114.00 119.50
114.00 119.00
114.00 118.50
114.50 118.00
114.50 117.50
114.50 117.00
115.00 116.50
115.00 116.00
115.00 115.50
115.50 115.00
116.00 114.50
116.00 114.00
116.50 113.50
117.00 113.00
117.50 112.50
118.00 112.00
118.50 111.50
119.00 111.00
119.50 111.00
120.00 110.50
120.50 110.00
121.00 110.00
121.50 109.50
122.00 109.00
122.50 108.50
123.00 108.50
123.50 108.50
124.00 108.00
124.50 108.00
125.00 107.50
125.50 107.00
126.00 107.00
126.50 106.50
127.00 106.50
127.50 106.50
128.00 106.50
128.50 106.00
129.00 106.00
129.50 106.00
130.00 106.00
130.50 106.00
131.00 105.50
131.50 105.50
132.00 105.50
132.50 105.50
133.00 105.50
133.50 106.00
134.00 106.00
134.50 106.00
135.00 106.00
135.50 106.00
136.00 106.00
136.50 106.00
137.00 106.50
137.50 106.50
138.00 106.50
138.50 106.50
139.00 107.00
139.50 107.00
140.00 107.00
140.50 107.00
141.00 107.50
141.50 107.50
142.00 108.00
142.50 108.00
143.00 108.00
143.50 108.50
144.00 109.00
144.50 109.00
145.00 109.50
145.50 110.00
146.00 110.00
146.50 110.50
147.00 111.00
147.50 111.00
148.00 111.50
148.50 112.00
