106.50 130.50
106.50 130.00
106.50 129.50
107.00 129.00
107.00 128.50
107.00 128.00
107.00 127.50
107.50 127.00
107.50 126.50
107.50 126.00
107.50 125.50
108.00 125.00
108.00 124.50
108.50 124.00
108.50 123.50
109.00 123.00
109.00 122.50
109.50 122.00
110.00 121.50
110.50 121.00
111.00 120.50
111.50 120.50
112.00 120.00
112.50 119.50
113.00 119.00
113.50 119.00
114.00 119.00
114.50 118.50
115.00 118.50
115.50 118.00
116.00 118.00
116.50 117.50
117.00 117.50
117.50 117.00
118.00 117.00
118.50 117.00
119.00 116.50
119.50 116.00
120.00 116.00
120.50 115.50
121.00 115.50
121.50 115.00
122.00 114.50
122.50 114.50
123.00 114.00
123.50 113.50
123.50 113.00
124.00 112.50
124.50 112.50
125.00 112.00
125.50 111.50
126.00 111.00
126.50 110.50
127.00 110.00
127.50 109.50
128.00 109.50
128.50 109.00
129.00 108.50
129.50 108.50
130.00 108.00
130.50 108.00
131.00 108.00
131.50 107.50
132.00 107.50
132.50 107.50
133.00 107.50
133.50 107.00
134.00 107.00
134.50 107.00
135.00 107.00
135.50 107.00
136.00 107.00
136.50 107.00
137.00 107.00
137.50 107.00
138.00 107.00
138.50 107.00
139.00 107.00
139.50 107.00
140.00 107.00
140.50 107.00
141.00 107.00
141.50 107.00
142.00 107.00
142.50 107.00
143.00 107.00
143.50 107.00
144.00 107.50
144.50 107.50
145.00 107.50
145.50 108.00
146.00 108.00
146.50 108.50
147.00 108.50
147.50 109.00
148.00 109.50
148.50 109.50
149.00 110.00
149.50 110.50
150.00 111.00
150.50 111.50
150.50 112.00
151.00 112.50
151.50 113.00
151.50 113.50
152.00 114.00
152.50 114.50
152.50 115.00
153.00 115.50
153.50 116.00
153.50 116.50
154.00 117.00
154.00 117.50
154.50 118.00
155.00 118.50
155.00 119.00
155.00 119.50
155.50 120.00
156.00 120.50
156.00 121.00
156.00 121.50
156.50 122.00
156.50 122.50
157.00 123.00
157.00 123.50
157.00 124.00
157.50 124.50
157.50 125.00
157.50 125.50
158.00 126.00
158.00 126.50
158.00 127.00
158.50 127.50
158.50 128.00
158.50 128.50
158.50 129.00
158.50 129.50
159.00 130.00
159.00 130.50
159.00 131.00
159.00 131.50
159.00 132.00
159.00 132.50
159.00 133.00
159.00 133.50
159.00 134.00
159.00 134.50
159.00 135.00
159.00 135.50
159.00 136.00
158.50 136.50
158.50 137.00
158.50 137.50
158.50 138.00
158.50 138.50
158.00 139.00
158.00 139.50
158.00 140.00
158.00 140.50
157.50 141.00
157.50 141.50
157.00 142.00
157.00 142.50
156.50 143.00
156.50 143.50
156.50 144.00
156.00 144.50
155.50 145.00
155.50 145.50
155.00 146.00
154.50 146.50
154.50 147.00
154.00 147.50
153.50 148.00
153.00 148.50
152.50 149.00
152.00 149.50
151.50 150.00
151.00 150.50
150.50 150.50
150.00 151.00
149.50 151.50
149.00 151.50
148.50 152.00
148.00 152.50
147.50 152.50
147.00 153.00
146.50 153.00
146.00 153.50
145.50 153.50
145.00 153.50
144.50 154.00
144.00 154.00
143.50 154.00
143.00 154.50
142.50 154.50
142.00 154.50
141.50 154.50
141.00 155.00
140.50 155.00
140.00 155.00
139.50 155.00
139.00 155.00
138.50 155.50
138.00 155.50
137.50 155.50
137.00 155.50
136.50 155.50
136.00 155.50
135.50 156.00
135.00 156.00
134.50 156.00
134.00 156.00
133.50 156.00
133.00 156.00
132.50 156.00
132.00 156.00
131.50 156.00
131.00 156.00
130.50 156.00
130.00 156.00
129.50 156.00
129.00 156.50
128.50 156.50
128.00 156.50
127.50 156.50
127.00 156.50
126.50 156.50
126.00 156.50
125.50 156.00
125.00 156.00
124.50 156.00
124.00 156.00
123.50 156.00
123.00 156.00
122.50 156.00
122.00 156.00
121.50 156.00
121.00 156.00
120.50 156.00
120.00 155.50
119.50 155.50
119.00 155.50
118.50 155.50
118.00 155.50
117.50 155.50
117.00 155.00
116.50 155.00
116.00 155.00
115.50 155.00
115.00 154.50
114.50 154.50
114.00 154.50
113.50 154.50
113.00 154.00
112.50 154.00
112.00 154.00
111.50 153.50
111.00 153.50
110.50 153.00
110.00 153.00
109.50 152.50
109.00 152.00
108.50 152.00
108.00 151.50
107.50 151.00
107.00 150.50
106.50 150.00
106.50 149.50
106.00 149.00
105.50 148.50
105.50 148.00
105.50 147.50
105.00 147.00
105.00 146.50
105.00 146.00
104.50 145.50
104.50 145.00
104.50 144.50
104.50 144.00
104.50 143.50
104.50 143.00
104.00 142.50
104.00 142.00
104.00 141.50
104.00 141.00
104.00 140.50
104.00 140.00
104.00 139.50
104.00 139.00
104.00 138.50
104.00 138.00
104.00 137.50
104.00 137.00
104.00 136.50
104.00 136.00
104.00 135.50
104.00 135.00
104.00 134.50
104.00 134.00
104.50 133.50
105.00 133.00
105.50 132.50
106.00 132.00
106.50 131.50
106.50 131.00
