110.50 109.00
110.50 108.50
110.50 108.00
110.00 107.50
110.00 107.00
110.00 106.50
110.00 106.00
110.00 105.50
110.00 105.00
110.00 104.50
110.00 104.00
110.00 103.50
110.00 103.00
110.50 102.50
110.50 102.00
111.00 101.50
111.00 101.00
111.50 100.50
112.00 100.00
112.50 99.50
113.00 99.00
113.50 98.50
113.50 98.00
114.00 97.50
114.50 97.50
115.00 97.00
115.50 96.50
116.00 96.00
116.50 96.00
117.00 95.50
117.00 95.00
117.50 94.50
118.00 94.50
118.50 94.00
119.00 94.00
119.50 93.50
120.00 93.00
120.50 92.50
121.00 92.50
121.50 92.50
122.00 92.00
122.50 92.00
123.00 92.00
123.50 92.00
124.00 91.50
124.50 91.50
125.00 91.50
125.50 91.50
126.00 91.50
126.50 91.50
127.00 92.00
127.50 92.00
128.00 92.00
128.50 92.00
129.00 92.00
129.50 92.50
130.00 92.50
130.50 93.00
131.00 93.00
131.50 93.50
132.00 93.50
132.50 94.00
133.00 94.00
133.50 94.50
134.00 95.00
134.50 95.50
135.00 95.50
135.50 96.00
135.50 96.50
136.00 97.00
136.50 97.50
136.50 98.00
137.00 98.50
137.50 99.00
137.50 99.50
137.50 100.00
138.00 100.50
138.00 101.00
138.00 101.50
138.00 102.00
138.00 102.50
138.50 103.00
138.50 103.50
138.50 104.00
138.50 104.50
138.00 105.00
138.00 105.50
138.00 106.00
138.00 106.50
138.00 107.00
138.00 107.50
138.00 108.00
137.50 108.50
137.50 109.00
137.50 109.50
137.00 110.00
137.00 110.50
137.00 111.00
137.00 111.50
136.50 112.00
136.50 112.50
136.00 113.00
136.00 113.50
135.50 114.00
135.50 114.50
135.00 115.00
135.00 115.50
134.50 116.00
134.00 116.50
133.50 117.00
133.00 117.50
133.00 118.00
132.50 118.50
132.00 119.00
131.50 119.50
131.00 120.00
130.50 120.50
130.00 120.50
129.50 121.00
129.00 121.50
128.50 121.50
128.00 122.00
127.50 122.00
127.00 122.00
126.50 122.50
126.00 122.50
125.50 122.50
125.00 122.50
124.50 123.00
124.00 123.00
123.50 123.00
123.00 123.00
122.50 123.00
122.00 123.00
121.50 123.00
121.00 123.00
120.50 122.50
120.00 122.50
119.50 122.50
119.00 122.00
118.50 122.00
118.00 122.00
117.50 121.50
117.00 121.00
116.50 120.50
116.00 120.00
115.50 119.50
115.00 119.00
114.50 118.50
114.50 118.00
114.00 117.50
114.00 117.00
113.50 116.50
113.00 116.00
113.00 115.50
112.50 115.00
112.00 114.50
111.50 114.00
111.50 113.50
111.00 113.00
111.00 112.50
110.50 112.00
110.50 111.50
110.00 111.00
110.00 110.50
110.00 110.00
110.00 109.50
