112.00 103.50
112.00 103.00
112.50 102.50
112.50 102.00
112.50 101.50
113.00 101.00
113.00 100.50
113.50 100.00
114.00 99.50
114.50 99.00
115.00 98.50
115.50 98.00
116.00 97.50
116.50 97.50
117.00 97.00
117.50 96.50
118.00 96.00
118.50 95.50
119.00 95.00
119.50 94.50
120.00 94.00
120.50 94.00
121.00 94.00
121.50 93.50
122.00 93.00
122.50 93.00
123.00 92.50
123.50 92.00
124.00 92.00
124.50 92.00
125.00 91.50
125.50 91.50
126.00 91.50
126.50 91.00
127.00 91.00
127.50 91.00
128.00 91.00
128.50 91.00
129.00 91.00
129.50 91.00
130.00 91.00
130.50 91.00
131.00 91.50
131.50 91.50
132.00 91.50
132.50 92.00
133.00 92.00
133.50 92.00
134.00 92.50
134.50 92.50
135.00 93.00
135.50 93.00
136.00 93.50
136.50 94.00
137.00 94.50
137.50 95.00
138.00 95.50
138.50 96.00
139.00 96.50
139.00 97.00
139.50 97.50
140.00 98.00
140.00 98.50
140.00 99.00
140.50 99.50
140.50 100.00
141.00 100.50
141.00 101.00
141.00 101.50
141.00 102.00
141.00 102.50
141.50 103.00
141.50 103.50
141.50 104.00
141.50 104.50
141.50 105.00
141.50 105.50
141.00 106.00
141.00 106.50
141.00 107.00
141.00 107.50
140.50 108.00
140.50 108.50
140.50 109.00
140.00 109.50
139.50 110.00
139.50 110.50
139.00 111.00
139.00 111.50
138.50 112.00
138.00 112.50
137.50 113.00
137.00 113.50
136.50 114.00
136.00 114.50
135.50 114.50
135.00 114.50
134.50 115.00
134.00 115.50
133.50 116.00
133.00 116.00
132.50 116.50
132.00 116.50
131.50 116.50
131.00 117.00
130.50 117.00
130.00 117.00
129.50 117.50
129.00 117.50
128.50 117.50
128.00 117.50
127.50 117.50
127.00 118.00
126.50 118.00
126.00 118.00
125.50 118.00
125.00 118.00
124.50 118.00
124.00 118.00
123.50 118.00
123.00 118.00
122.50 118.00
122.00 118.00
121.50 118.00
121.00 118.00
120.50 117.50
120.00 117.50
119.50 117.50
119.00 117.50
118.50 117.00
118.00 117.00
117.50 116.50
117.00 116.50
116.50 116.00
116.00 115.50
115.50 115.00
115.00 114.50
115.00 114.00
114.50 113.50
114.00 113.00
114.00 112.50
114.00 112.00
113.50 111.50
113.50 111.00
113.00 110.50
113.00 110.00
112.50 109.50
112.50 109.00
112.50 108.50
112.00 108.00
112.00 107.50
112.00 107.00
112.00 106.50
112.00 106.00
112.00 105.50
112.00 105.00
112.00 104.50
112.00 104.00
