126.00 123.50
126.50 123.00
127.00 122.50
127.00 122.00
127.50 121.50
127.50 121.00
128.00 120.50
128.50 120.00
129.00 119.50
129.50 119.00
129.50 118.50
130.00 118.00
130.50 117.50
131.00 117.00
131.50 116.50
132.00 116.00
132.50 115.50
133.00 115.00
133.50 114.50
134.00 114.00
134.50 113.50
135.00 113.50
135.50 113.00
136.00 112.50
136.50 112.50
137.00 112.00
137.50 112.00
138.00 111.50
138.50 111.00
139.00 111.00
139.50 111.00
140.00 110.50
140.50 110.50
141.00 110.50
141.50 110.00
142.00 110.00
142.50 110.00
143.00 110.00
143.50 109.50
144.00 109.50
144.50 109.50
145.00 109.50
145.50 109.50
146.00 109.50
146.50 109.50
147.00 109.50
147.50 109.50
148.00 109.50
148.50 109.50
149.00 109.50
149.50 109.50
150.00 110.00
150.50 110.00
151.00 110.00
151.50 110.50
152.00 110.50
152.50 111.00
153.00 111.00
153.50 111.50
154.00 111.50
154.50 112.00
155.00 112.00
155.50 112.50
156.00 113.00
156.50 113.50
157.00 114.00
157.50 114.00
158.00 114.50
158.50 115.00
158.50 115.50
158.50 116.00
159.00 116.50
159.00 117.00
159.00 117.50
159.50 118.00
159.50 118.50
159.50 119.00
159.50 119.50
160.00 120.00
160.00 120.50
160.00 121.00
160.00 121.50
160.00 122.00
160.00 122.50
160.00 123.00
160.00 123.50
160.00 124.00
160.00 124.50
160.00 125.00
160.00 125.50
160.00 126.00
160.00 126.50
160.00 127.00
160.00 127.50
160.00 128.00
160.00 128.50
160.00 129.00
160.00 129.50
160.00 130.00
160.00 130.50
160.00 131.00
160.50 131.50
160.00 132.00
160.00 132.50
160.00 133.00
159.50 133.50
159.50 134.00
159.00 134.50
159.00 135.00
158.50 135.50
158.50 136.00
158.00 136.50
157.50 137.00
157.00 137.50
157.00 138.00
156.50 138.50
156.00 139.00
155.50 139.50
155.00 140.00
154.50 140.50
154.00 141.00
153.50 141.50
153.00 142.00
152.50 142.50
152.00 143.00
151.50 143.50
151.00 144.00
150.50 144.00
150.00 144.50
149.50 145.00
149.00 145.00
148.50 145.50
148.00 145.50
147.50 145.50
147.00 146.00
146.50 146.00
146.00 146.50
145.50 146.50
145.00 146.50
144.50 146.50
144.00 147.00
143.50 147.00
143.00 147.00
142.50 147.00
142.00 147.00
141.50 147.00
141.00 147.00
140.50 147.00
140.00 147.00
139.50 147.00
139.00 147.00
138.50 147.00
138.00 147.00
137.50 146.50
137.00 146.50
136.50 146.50
136.00 146.50
135.50 146.00
135.00 146.00
134.50 146.00
134.00 145.50
133.50 145.00
133.00 145.00
132.50 144.50
132.00 144.50
131.50 144.00
131.00 143.50
130.50 143.00
130.00 142.50
129.50 142.00
129.00 141.50
128.50 141.00
128.00 140.50
127.50 140.00
127.50 139.50
127.00 139.00
127.00 138.50
126.50 138.00
126.50 137.50
126.00 137.00
126.00 136.50
125.50 136.00
125.50 135.50
125.00 135.00
125.00 134.50
125.00 134.00
125.00 133.50
125.00 133.00
124.50 132.50
124.50 132.00
124.50 131.50
124.50 131.00
124.50 130.50
124.50 130.00
124.50 129.50
124.50 129.00
124.50 128.50
124.50 128.00
124.50 127.50
124.50 127.00
125.00 126.50
125.00 126.00
125.00 125.50
125.00 125.00
125.00 124.50
125.50 124.00
