123.00 144.50
123.50 144.00
124.00 144.00
124.50 144.00
125.00 143.50
125.50 143.50
126.00 143.50
126.50 143.50
127.00 143.00
127.50 143.00
128.00 143.00
128.50 143.00
129.00 143.00
129.50 143.00
130.00 143.00
130.50 143.00
131.00 143.00
131.50 143.50
132.00 143.50
132.50 143.50
133.00 144.00
133.50 144.00
134.00 144.00
134.50 144.50
135.00 145.00
135.50 145.00
136.00 145.50
136.50 145.50
137.00 146.00
137.50 146.00
138.00 146.50
138.50 147.00
139.00 147.50
139.00 148.00
139.50 148.50
140.00 149.00
140.00 149.50
140.00 150.00
140.50 150.50
140.50 151.00
140.50 151.50
141.00 152.00
141.00 152.50
141.00 153.00
141.00 153.50
140.50 154.00
140.50 154.50
140.00 155.00
140.00 155.50
139.50 156.00
139.00 156.50
138.50 157.00
138.00 157.00
137.50 157.50
137.00 157.50
136.50 158.00
136.00 158.00
135.50 158.50
135.00 158.50
134.50 158.50
134.00 159.00
133.50 159.00
133.00 159.00
132.50 159.50
132.00 159.50
131.50 159.50
131.00 159.50
130.50 159.50
130.00 159.50
129.50 160.00
129.00 160.00
128.50 159.50
128.00 159.50
127.50 159.50
127.00 159.50
126.50 159.50
126.00 159.00
125.50 159.00
125.00 158.50
124.50 158.50
124.00 158.00
123.50 158.00
123.00 157.50
122.50 157.00
122.00 156.50
121.50 156.00
121.00 155.50
121.00 155.00
120.50 154.50
120.50 154.00
120.50 153.50
120.50 153.00
120.00 152.50
120.00 152.00
120.00 151.50
120.00 151.00
120.00 150.50
120.50 150.00
120.50 149.50
120.50 149.00
120.50 148.50
120.50 148.00
120.50 147.50
120.50 147.00
121.00 146.50
121.00 146.00
121.50 145.50
122.00 146.00
122.50 146.00
123.00 146.50
123.50 146.00
123.50 145.50
123.00 145.00
