153.00 116.50
153.00 117.00
153.50 117.50
153.50 118.00
154.00 118.50
154.00 119.00
154.00 119.50
154.50 120.00
154.00 120.50
154.00 121.00
154.50 121.50
154.50 122.00
154.50 122.50
154.50 123.00
154.50 123.50
154.50 124.00
154.50 124.50
154.50 125.00
154.50 125.50
154.50 126.00
154.00 126.50
154.00 127.00
154.00 127.50
154.00 128.00
154.00 128.50
153.50 129.00
153.50 129.50
153.50 130.00
153.00 130.50
152.50 131.00
152.50 131.50
152.50 132.00
152.00 132.50
151.50 133.00
151.00 133.50
150.50 134.00
150.00 134.50
149.50 134.50
149.00 135.00
148.50 135.00
148.00 135.00
147.50 135.50
147.00 135.50
146.50 135.50
146.00 135.50
145.50 135.50
145.00 135.50
144.50 135.50
144.00 135.50
143.50 135.50
143.00 135.50
142.50 135.50
142.00 135.00
141.50 135.00
141.00 135.00
140.50 135.00
140.00 134.50
139.50 134.00
139.00 134.00
138.50 133.50
138.00 133.50
137.50 133.00
137.00 133.00
136.50 132.50
136.00 132.00
135.50 131.50
135.00 131.00
134.50 131.00
134.00 130.50
133.50 130.00
133.50 129.50
133.00 129.00
132.50 128.50
132.50 128.00
132.50 127.50
132.00 127.00
132.00 126.50
132.00 126.00
132.00 125.50
132.00 125.00
132.00 124.50
132.00 124.00
132.00 123.50
132.00 123.00
132.50 122.50
132.50 122.00
132.50 121.50
132.50 121.00
133.00 120.50
133.00 120.00
133.00 119.50
133.50 119.00
134.00 118.50
134.00 118.00
134.50 117.50
134.50 117.00
135.00 116.50
135.50 116.00
136.00 115.50
136.50 115.00
137.00 114.50
137.50 114.00
138.00 113.50
138.50 113.50
139.00 113.00
139.50 113.00
140.00 113.00
140.50 112.50
141.00 112.50
141.50 112.50
142.00 112.50
142.50 112.50
143.00 112.50
143.50 112.50
144.00 112.50
144.50 112.50
145.00 112.50
145.50 112.50
146.00 112.50
146.50 112.50
147.00 113.00
147.50 113.00
148.00 113.00
148.50 113.50
149.00 113.50
149.50 114.00
150.00 114.50
150.50 115.00
151.00 115.00
151.50 115.50
152.00 116.00
152.50 116.00
