117.00 123.50
117.00 123.00
117.00 122.50
116.50 122.00
116.50 121.50
116.50 121.00
116.50 120.50
116.50 120.00
116.50 119.50
116.00 119.00
116.00 118.50
116.00 118.00
116.00 117.50
116.00 117.00
116.00 116.50
116.00 116.00
116.00 115.50
116.00 115.00
116.00 114.50
116.50 114.00
116.50 113.50
116.50 113.00
116.50 112.50
117.00 112.00
117.50 111.50
117.50 111.00
118.00 110.50
118.50 110.00
119.00 109.50
119.50 109.00
120.00 109.00
120.50 108.50
121.00 108.50
121.50 108.00
122.00 108.00
122.50 108.00
123.00 108.00
123.50 108.00
124.00 108.00
124.50 108.00
125.00 108.50
125.50 108.50
126.00 108.50
126.50 109.00
127.00 109.00
127.50 109.50
128.00 109.50
128.50 110.00
129.00 110.50
129.50 111.00
130.00 111.50
130.50 112.00
131.00 112.50
131.00 113.00
131.50 113.50
131.50 114.00
132.00 114.50
132.50 115.00
132.50 115.50
132.50 116.00
132.50 116.50
133.00 117.00
133.00 117.50
133.00 118.00
133.00 118.50
133.00 119.00
133.00 119.50
133.00 120.00
133.00 120.50
133.00 121.00
133.00 121.50
132.50 122.00
132.50 122.50
132.50 123.00
132.00 123.50
132.00 124.00
131.50 124.50
131.50 125.00
131.50 125.50
131.00 126.00
130.50 125.50
130.00 126.00
129.50 126.50
129.00 127.00
128.50 127.50
128.00 128.00
127.50 128.50
127.00 128.50
126.50 129.00
126.00 129.00
125.50 129.00
125.00 129.50
124.50 129.50
124.00 129.50
123.50 129.50
123.00 129.50
122.50 129.50
122.00 129.00
121.50 129.00
121.00 129.00
120.50 128.50
120.00 128.50
119.50 128.00
119.00 127.50
118.50 127.00
118.00 126.50
118.00 126.00
117.50 125.50
117.50 125.00
117.00 124.50
117.00 124.00
