123.50 156.00
123.00 155.50
122.50 155.00
122.00 154.50
122.00 154.00
121.50 153.50
121.00 153.00
120.50 152.50
120.00 152.00
120.00 151.50
119.50 151.00
119.00 150.50
119.00 150.00
118.50 149.50
118.00 149.00
118.00 148.50
118.00 148.00
117.50 147.50
117.00 147.00
117.00 146.50
117.00 146.00
116.50 145.50
116.50 145.00
116.50 144.50
116.00 144.00
116.00 143.50
115.50 143.00
115.50 142.50
115.50 142.00
115.50 141.50
115.00 141.00
115.00 140.50
115.00 140.00
115.00 139.50
114.50 139.00
114.50 138.50
114.00 138.00
114.00 137.50
114.00 137.00
113.50 136.50
113.50 136.00
113.50 135.50
113.50 135.00
113.50 134.50
113.50 134.00
113.00 133.50
113.00 133.00
113.50 132.50
113.50 132.00
113.50 131.50
113.50 131.00
113.50 130.50
113.50 130.00
114.00 129.50
114.50 129.00
114.50 128.50
115.00 128.00
115.50 127.50
116.00 127.00
116.50 126.50
117.00 126.00
117.50 126.00
118.00 125.50
118.50 125.00
119.00 125.00
119.50 124.50
120.00 124.50
120.50 124.00
121.00 124.00
121.50 123.50
122.00 123.50
122.50 123.00
123.00 123.00
123.50 123.00
124.00 122.50
124.50 122.50
125.00 122.50
125.50 122.00
126.00 122.00
126.50 122.00
127.00 121.50
127.50 121.50
128.00 121.50
128.50 121.00
129.00 121.00
129.50 121.00
130.00 121.00
130.50 121.00
131.00 121.00
131.50 121.00
132.00 121.00
132.50 121.00
133.00 120.50
133.50 120.50
134.00 120.50
134.50 120.50
135.00 121.00
135.50 121.00
136.00 121.00
136.50 121.00
137.00 121.00
137.50 121.00
138.00 121.00
138.50 121.50
139.00 121.50
139.50 121.50
140.00 122.00
140.50 122.00
141.00 122.00
141.50 122.50
142.00 122.50
142.50 122.50
143.00 123.00
143.50 123.50
144.00 123.50
144.50 124.00
145.00 124.00
145.50 124.50
146.00 125.00
146.50 125.50
147.00 126.00
147.50 126.50
148.00 127.00
148.50 127.50
149.00 128.00
149.50 128.50
150.00 129.00
150.00 129.50
150.50 130.00
150.50 130.50
151.00 131.00
151.00 131.50
151.50 132.00
151.50 132.50
151.50 133.00
152.00 133.50
152.00 134.00
152.00 134.50
152.50 135.00
152.50 135.50
152.50 136.00
152.50 136.50
152.50 137.00
153.00 137.50
153.00 138.00
153.00 138.50
153.00 139.00
153.00 139.50
153.00 140.00
153.00 140.50
153.00 141.00
153.50 141.50
153.50 142.00
153.50 142.50
153.50 143.00
153.50 143.50
153.50 144.00
153.50 144.50
153.50 145.00
153.50 145.50
153.50 146.00
153.50 146.50
153.50 147.00
153.00 147.50
153.00 148.00
153.00 148.50
153.00 149.00
153.00 149.50
153.00 150.00
152.50 150.50
152.50 151.00
152.50 151.50
152.00 152.00
152.00 152.50
152.00 153.00
151.50 153.50
151.00 154.00
151.00 154.50
150.50 155.00
150.00 155.50
149.50 156.00
149.00 156.50
148.50 157.00
148.00 157.50
147.50 157.50
147.00 158.00
146.50 158.50
146.00 158.50
145.50 158.50
145.00 159.00
144.50 159.00
144.00 159.50
143.50 159.50
143.00 159.50
142.50 160.00
142.00 160.00
141.50 160.00
141.00 160.00
140.50 160.00
140.00 160.50
139.50 160.50
139.00 160.50
138.50 160.50
138.00 160.50
137.50 160.50
137.00 160.50
136.50 160.50
136.00 160.50
135.50 160.50
135.00 160.50
134.50 160.50
134.00 160.50
133.50 160.00
133.00 160.00
132.50 160.00
132.00 160.00
131.50 160.00
131.00 159.50
130.50 159.50
130.00 159.50
129.50 159.00
129.00 159.00
128.50 159.00
128.00 158.50
127.50 158.50
127.00 158.00
126.50 158.00
126.00 157.50
125.50 157.50
125.00 157.00
124.50 156.50
124.00 156.00
