148.00 114.50
148.50 114.50
149.00 115.00
149.50 115.00
150.00 115.50
150.50 115.50
151.00 116.00
151.50 116.00
152.00 116.50
152.50 116.50
153.00 117.00
153.50 117.50
154.00 117.50
154.50 118.00
155.00 118.50
155.50 119.00
156.00 119.50
156.50 120.00
157.00 120.50
157.00 121.00
157.50 121.50
157.50 122.00
158.00 122.50
158.00 123.00
158.50 123.50
158.50 124.00
159.00 124.50
158.50 125.00
158.50 125.50
158.50 126.00
158.50 126.50
158.50 127.00
158.50 127.50
158.50 128.00
158.50 128.50
158.50 129.00
158.50 129.50
158.50 130.00
158.00 130.50
158.00 131.00
158.00 131.50
158.00 132.00
157.50 132.50
157.50 133.00
157.50 133.50
157.00 134.00
157.00 134.50
156.50 135.00
156.50 135.50
156.00 136.00
156.00 136.50
155.50 137.00
155.00 137.50
155.00 138.00
154.50 138.50
154.00 139.00
153.50 139.50
153.00 140.00
152.50 140.50
152.00 141.00
151.50 141.50
151.00 142.00
150.50 142.00
150.00 142.50
149.50 143.00
149.00 143.00
148.50 143.50
148.00 143.50
147.50 143.50
147.00 144.00
146.50 144.00
146.00 144.50
145.50 144.50
145.00 144.50
144.50 145.00
144.00 145.00
143.50 145.00
143.00 145.00
142.50 145.00
142.00 145.00
141.50 145.00
141.00 145.00
140.50 145.00
140.00 145.00
139.50 145.00
139.00 145.00
138.50 145.00
138.00 144.50
137.50 144.50
137.00 144.50
136.50 144.00
136.00 144.00
135.50 144.00
135.00 143.50
134.50 143.50
134.00 143.00
133.50 143.00
133.00 142.50
132.50 142.00
132.00 141.50
131.50 141.00
131.00 140.50
131.00 140.00
130.50 139.50
130.00 139.00
130.00 138.50
129.50 138.00
129.50 137.50
129.50 137.00
129.00 136.50
129.00 136.00
128.50 135.50
128.50 135.00
128.50 134.50
128.50 134.00
128.50 133.50
128.50 133.00
128.50 132.50
128.50 132.00
128.50 131.50
128.50 131.00
128.50 130.50
129.00 130.00
129.00 129.50
129.00 129.00
129.00 128.50
129.50 128.00
129.50 127.50
130.00 127.00
130.00 126.50
130.50 126.00
131.00 125.50
131.00 125.00
131.00 124.50
131.50 124.00
132.00 123.50
132.50 123.00
133.00 122.50
133.50 122.00
134.00 121.50
134.50 121.00
135.00 121.00
135.50 120.50
136.00 120.00
136.50 119.50
137.00 119.50
137.50 119.00
138.00 118.50
138.50 118.50
139.00 118.00
139.50 118.00
140.00 117.50
140.50 117.00
141.00 117.00
141.50 116.50
142.00 116.00
142.50 116.00
143.00 115.50
143.50 115.50
144.00 115.00
144.50 115.00
145.00 114.50
145.50 114.50
146.00 114.50
146.50 114.50
147.00 114.50
147.50 114.50
