124.50 140.50
124.00 140.50
123.50 140.50
123.00 140.00
122.50 140.00
122.00 139.50
121.50 139.50
121.00 139.00
120.50 139.00
120.00 138.50
119.50 138.00
119.00 137.50
118.50 137.00
118.00 136.50
118.00 136.00
117.50 135.50
117.50 135.00
117.00 134.50
117.00 134.00
117.00 133.50
116.50 133.00
116.50 132.50
116.50 132.00
116.50 131.50
116.50 131.00
116.50 130.50
116.50 130.00
116.50 129.50
117.00 129.00
117.00 128.50
117.50 128.00
117.50 127.50
117.50 127.00
118.00 126.50
118.00 126.00
118.50 125.50
119.00 125.00
119.50 124.50
120.00 124.00
120.50 123.50
121.00 123.00
121.50 122.50
122.00 122.00
122.50 122.00
123.00 121.50
123.50 121.00
124.00 121.00
124.50 120.50
125.00 120.50
125.50 120.00
126.00 120.00
126.50 120.00
127.00 120.00
127.50 120.00
128.00 119.50
128.50 119.50
129.00 120.00
129.50 120.00
130.00 120.00
130.50 120.50
131.00 120.50
131.50 120.50
132.00 121.00
132.50 121.50
132.50 122.00
133.00 122.50
133.50 123.00
133.50 123.50
133.50 124.00
134.00 124.50
134.00 125.00
134.50 125.50
134.50 126.00
134.50 126.50
134.50 127.00
134.50 127.50
135.00 128.00
135.00 128.50
135.00 129.00
135.00 129.50
135.00 130.00
134.50 130.50
134.50 131.00
134.50 131.50
134.50 132.00
134.50 132.50
134.00 133.00
134.00 133.50
134.00 134.00
133.50 134.50
133.50 135.00
133.00 135.50
133.00 136.00
132.50 136.50
132.00 137.00
131.50 137.50
131.00 138.00
130.50 138.50
130.00 139.00
129.50 139.50
129.00 139.50
128.50 139.50
128.00 140.00
127.50 140.00
127.00 140.50
126.50 140.50
126.00 140.50
125.50 140.50
125.00 140.50
