125.50 116.50
126.00 116.00
126.00 115.50
126.50 115.00
127.00 114.50
127.50 114.00
128.00 113.50
128.50 113.50
129.00 113.00
129.50 112.50
130.00 112.50
130.50 112.00
131.00 112.00
131.50 112.00
132.00 111.50
132.50 111.50
133.00 111.50
133.50 111.50
134.00 111.50
134.50 111.50
135.00 111.50
135.50 111.50
136.00 112.00
136.50 112.00
137.00 112.00
137.50 112.50
138.00 112.50
138.50 113.00
139.00 113.50
139.50 114.00
140.00 114.00
140.50 114.50
141.00 115.00
141.50 115.50
141.50 116.00
142.00 116.50
142.00 117.00
142.50 117.50
142.50 118.00
142.50 118.50
143.00 119.00
143.50 119.50
143.50 120.00
143.00 120.50
143.00 121.00
143.00 121.50
143.00 122.00
142.50 122.50
142.50 123.00
142.50 123.50
142.00 124.00
142.00 124.50
141.50 125.00
141.00 125.50
140.50 126.00
140.00 126.50
139.50 127.00
139.00 127.00
138.50 127.50
138.00 128.00
137.50 128.00
137.00 128.00
136.50 128.50
136.00 128.50
135.50 128.50
135.00 128.50
134.50 129.00
134.00 129.00
133.50 129.00
133.00 129.00
132.50 129.00
132.00 129.00
131.50 129.00
131.00 128.50
130.50 128.50
130.00 128.50
129.50 128.00
129.00 128.00
128.50 128.00
128.00 127.50
127.50 127.00
127.00 126.50
126.50 126.00
126.00 125.50
126.00 125.00
125.50 124.50
125.50 124.00
125.50 123.50
125.00 123.00
125.00 122.50
125.00 122.00
125.00 121.50
125.00 121.00
125.00 120.50
125.00 120.00
125.00 119.50
125.00 119.00
125.00 118.50
125.00 118.00
125.00 117.50
125.00 117.00
125.50 116.50
