105.50 115.50
105.50 115.00
105.50 114.50
106.00 114.00
106.00 113.50
106.00 113.00
106.50 112.50
106.50 112.00
106.50 111.50
107.00 111.00
107.00 110.50
107.00 110.00
107.50 109.50
107.50 109.00
107.50 108.50
107.50 108.00
108.00 107.50
108.00 107.00
108.50 106.50
108.50 106.00
108.50 105.50
109.00 105.00
109.00 104.50
109.50 104.00
109.50 103.50
110.00 103.00
110.50 102.50
110.50 102.00
111.00 101.50
111.00 101.00
111.50 100.50
112.00 100.00
112.50 99.50
112.50 99.00
113.00 98.50
113.50 98.00
114.00 97.50
114.50 97.00
115.00 97.00
115.50 96.50
116.00 96.00
116.50 95.50
117.00 95.00
117.50 95.00
118.00 95.00
118.50 94.50
119.00 94.50
119.50 94.00
120.00 94.00
120.50 93.50
121.00 93.50
121.50 93.50
122.00 93.50
122.50 93.00
123.00 93.00
123.50 93.00
124.00 93.00
124.50 93.00
125.00 93.00
125.50 93.00
126.00 93.00
126.50 93.00
127.00 93.00
127.50 93.00
128.00 93.00
128.50 93.00
129.00 93.00
129.50 93.50
130.00 93.50
130.50 93.50
131.00 93.50
131.50 93.50
132.00 94.00
132.50 94.00
133.00 94.00
133.50 94.50
134.00 94.50
134.50 95.00
135.00 95.00
135.50 95.50
136.00 95.50
136.50 95.50
137.00 96.00
137.50 96.50
138.00 96.50
138.50 97.00
139.00 97.50
139.50 97.50
140.00 98.00
140.50 98.50
141.00 99.00
141.50 99.50
142.00 100.00
142.50 100.00
143.00 100.50
143.50 101.00
143.50 101.50
144.00 102.00
144.50 102.50
145.00 103.00
145.50 103.50
146.00 104.00
146.00 104.50
146.50 105.00
147.00 105.50
147.00 106.00
147.50 106.50
148.00 107.00
148.00 107.50
148.50 108.00
149.00 108.50
149.00 109.00
149.00 109.50
149.50 110.00
149.50 110.50
150.00 111.00
150.00 111.50
150.00 112.00
150.50 112.50
150.50 113.00
150.50 113.50
150.50 114.00
151.00 114.50
151.00 115.00
151.00 115.50
151.00 116.00
151.00 116.50
151.00 117.00
151.00 117.50
151.00 118.00
151.00 118.50
151.00 119.00
151.00 119.50
151.00 120.00
151.00 120.50
151.00 121.00
151.00 121.50
151.00 122.00
150.50 122.50
150.50 123.00
150.50 123.50
150.00 124.00
150.00 124.50
150.00 125.00
149.50 125.50
149.00 126.00
149.00 126.50
149.00 127.00
148.50 127.50
148.00 128.00
148.00 128.50
147.50 129.00
147.00 129.50
146.50 130.00
146.00 130.50
145.50 131.00
145.00 131.50
145.00 132.00
144.50 132.50
144.00 133.00
143.50 133.00
143.00 133.50
142.50 134.00
142.00 134.50
141.50 134.50
141.00 135.00
140.50 135.50
140.00 136.00
139.50 136.00
139.00 136.50
138.50 136.50
138.00 137.00
137.50 137.50
137.00 137.50
136.50 138.00
136.00 138.00
135.50 138.00
135.00 138.50
134.50 138.50
134.00 138.50
133.50 139.00
133.00 139.00
132.50 139.00
132.00 139.50
131.50 139.50
131.00 139.50
130.50 139.50
130.00 139.50
129.50 139.50
129.00 140.00
128.50 140.00
128.00 140.00
127.50 140.00
127.00 140.00
126.50 140.00
126.00 140.00
125.50 140.00
125.00 140.00
124.50 140.00
124.00 140.00
123.50 140.00
123.00 139.50
122.50 139.50
122.00 139.50
121.50 139.50
121.00 139.00
120.50 139.00
120.00 139.00
119.50 138.50
119.00 138.00
118.50 138.00
118.00 137.50
117.50 137.50
117.00 137.00
116.50 136.50
116.00 136.00
115.50 135.50
115.00 135.00
114.50 134.50
114.00 134.00
113.50 133.50
113.50 133.00
113.00 132.50
112.50 132.50
112.00 132.00
111.50 131.50
111.00 131.00
110.50 130.50
110.00 130.00
109.50 130.00
109.00 129.50
108.50 129.00
108.00 128.50
107.50 128.00
107.00 127.50
106.50 127.50
106.00 127.00
106.00 126.50
105.50 126.00
105.00 125.50
104.50 125.00
104.50 124.50
104.50 124.00
104.00 123.50
104.00 123.00
104.00 122.50
104.00 122.00
104.00 121.50
104.00 121.00
104.00 120.50
104.50 120.00
104.50 119.50
104.50 119.00
104.50 118.50
105.00 118.00
105.00 117.50
105.00 117.00
105.00 116.50
105.50 116.00
