112.50 126.50
113.00 126.00
113.50 125.50
113.50 125.00
114.00 124.50
114.50 124.00
115.00 123.50
115.50 123.00
116.00 122.50
116.00 122.00
116.50 121.50
117.00 121.00
117.50 120.50
118.00 120.00
118.50 119.50
119.00 119.00
119.50 118.50
120.00 118.50
120.50 118.00
121.00 117.50
121.50 117.00
122.00 116.50
122.50 116.00
123.00 115.50
123.50 115.50
124.00 115.00
124.50 114.50
125.00 114.00
125.50 113.50
126.00 113.50
126.50 113.00
127.00 112.50
127.50 112.00
128.00 112.00
128.50 111.50
129.00 111.00
129.50 111.00
130.00 110.50
130.50 110.00
131.00 110.00
131.50 109.50
132.00 109.00
132.50 109.00
133.00 108.50
133.50 108.50
134.00 108.00
134.50 108.00
135.00 107.50
135.50 107.50
136.00 107.50
136.50 107.00
137.00 107.00
137.50 106.50
138.00 106.50
138.50 106.50
139.00 106.50
139.50 106.00
140.00 106.00
140.50 106.00
141.00 106.00
141.50 106.00
142.00 106.00
142.50 106.00
143.00 106.00
143.50 106.00
144.00 106.50
144.50 106.50
145.00 106.50
145.50 106.50
146.00 106.50
146.50 107.00
147.00 107.00
147.50 107.50
148.00 107.50
148.50 108.00
149.00 108.00
149.50 108.50
150.00 109.00
150.50 109.00
151.00 109.50
151.50 110.00
152.00 110.50
152.50 111.00
153.00 111.00
153.50 111.50
154.00 112.00
154.00 112.50
154.50 113.00
155.00 113.50
155.50 114.00
155.50 114.50
156.00 115.00
156.50 115.50
156.50 116.00
157.00 116.50
157.50 117.00
157.50 117.50
158.00 118.00
158.00 118.50
158.00 119.00
158.50 119.50
158.50 120.00
158.50 120.50
159.00 121.00
159.00 121.50
159.00 122.00
159.00 122.50
159.50 123.00
159.50 123.50
159.50 124.00
159.50 124.50
160.00 125.00
160.00 125.50
160.00 126.00
160.00 126.50
160.00 127.00
160.00 127.50
160.00 128.00
160.00 128.50
160.00 129.00
160.00 129.50
160.00 130.00
160.00 130.50
160.00 131.00
160.00 131.50
160.00 132.00
160.00 132.50
160.00 133.00
160.00 133.50
160.00 134.00
160.00 134.50
160.00 135.00
159.50 135.50
159.50 136.00
159.50 136.50
159.50 137.00
159.50 137.50
159.00 138.00
159.00 138.50
159.00 139.00
159.00 139.50
158.50 140.00
158.50 140.50
158.00 141.00
158.00 141.50
157.50 142.00
157.50 142.50
157.50 143.00
157.00 143.50
156.50 144.00
156.50 144.50
156.00 145.00
155.50 145.50
155.50 146.00
155.00 146.50
154.50 147.00
154.00 147.50
153.50 148.00
153.00 148.50
152.50 149.00
152.00 149.50
151.50 150.00
151.00 150.50
150.50 151.00
150.00 151.50
149.50 151.50
149.00 152.00
148.50 152.50
148.00 153.00
147.50 153.00
147.00 153.50
146.50 153.50
146.00 154.00
145.50 154.00
145.00 154.50
144.50 154.50
144.00 155.00
143.50 155.00
143.00 155.50
142.50 155.50
142.00 156.00
141.50 156.00
141.00 156.00
140.50 156.50
140.00 156.50
139.50 156.50
139.00 157.00
138.50 157.00
138.00 157.50
137.50 157.50
137.00 157.50
136.50 157.50
136.00 157.50
135.50 158.00
135.00 158.00
134.50 158.00
134.00 158.00
133.50 158.00
133.00 158.00
132.50 158.00
132.00 158.00
131.50 158.50
131.00 158.50
130.50 158.50
130.00 158.50
129.50 158.50
129.00 158.50
128.50 158.50
128.00 158.50
127.50 158.50
127.00 158.50
126.50 158.50
126.00 158.50
125.50 158.00
125.00 158.00
124.50 158.00
124.00 158.00
123.50 158.00
123.00 158.00
122.50 158.00
122.00 158.00
121.50 157.50
121.00 157.50
120.50 157.50
120.00 157.50
119.50 157.50
119.00 157.00
118.50 157.00
118.00 157.00
117.50 157.00
117.00 156.50
116.50 156.50
116.00 156.00
115.50 156.00
115.00 156.00
114.50 156.00
114.00 155.50
113.50 155.50
113.00 155.00
112.50 155.00
112.00 154.50
111.50 154.50
111.00 154.00
110.50 154.00
110.00 153.50
109.50 153.50
109.00 153.00
108.50 152.50
108.00 152.00
107.50 151.50
107.00 151.00
107.00 150.50
106.50 150.00
106.50 149.50
106.00 149.00
106.00 148.50
105.50 148.00
105.50 147.50
105.00 147.00
105.00 146.50
104.50 146.00
104.50 145.50
104.00 145.00
104.00 144.50
103.50 144.00
103.50 143.50
103.50 143.00
103.50 142.50
103.00 142.00
103.00 141.50
103.00 141.00
103.00 140.50
103.00 140.00
103.00 139.50
103.00 139.00
103.00 138.50
103.00 138.00
103.50 137.50
103.50 137.00
104.00 136.50
104.00 136.00
104.00 135.50
104.50 135.00
105.00 134.50
105.50 134.00
105.50 133.50
106.00 133.00
106.00 132.50
106.50 132.00
107.00 131.50
107.50 131.00
108.00 130.50
108.50 130.00
109.00 129.50
109.50 129.00
110.00 128.50
110.50 128.00
111.00 127.50
111.50 127.00
112.00 126.50
