144.50 138.00
144.00 138.50
143.50 138.50
143.00 139.00
142.50 139.00
142.00 139.00
141.50 139.50
141.00 139.50
140.50 139.50
140.00 140.00
139.50 140.00
139.00 140.00
138.50 140.00
138.00 140.00
137.50 140.50
137.00 140.50
136.50 140.50
136.00 140.50
135.50 140.50
135.00 140.50
134.50 140.50
134.00 140.00
133.50 140.00
133.00 140.00
132.50 140.00
132.00 140.00
131.50 140.00
131.00 139.50
130.50 139.50
130.00 139.50
129.50 139.00
129.00 139.00
128.50 138.50
128.00 138.50
127.50 138.50
127.00 138.00
126.50 137.50
126.00 137.00
125.50 137.00
125.00 136.50
124.50 136.00
124.00 135.50
123.50 135.00
123.00 134.50
122.50 134.00
122.00 133.50
121.50 133.00
121.50 132.50
121.00 132.00
121.00 131.50
120.50 131.00
120.00 130.50
120.00 130.00
119.50 129.50
119.50 129.00
119.50 128.50
119.00 128.00
119.00 127.50
119.00 127.00
118.50 126.50
118.50 126.00
118.50 125.50
118.50 125.00
118.00 124.50
118.00 124.00
118.00 123.50
118.00 123.00
118.00 122.50
118.00 122.00
117.50 121.50
117.50 121.00
117.50 120.50
117.50 120.00
117.50 119.50
117.50 119.00
117.50 118.50
117.50 118.00
118.00 117.50
118.00 117.00
118.00 116.50
118.00 116.00
118.00 115.50
118.50 115.00
118.50 114.50
118.50 114.00
119.00 113.50
119.00 113.00
119.50 112.50
119.50 112.00
120.00 111.50
120.50 111.00
121.00 110.50
121.50 110.00
122.00 109.50
122.50 109.50
123.00 109.00
123.50 108.50
124.00 108.00
124.50 108.00
125.00 107.50
125.50 107.50
126.00 107.50
126.50 107.00
127.00 107.00
127.50 107.00
128.00 106.50
128.50 106.50
129.00 106.50
129.50 106.50
130.00 106.00
130.50 106.00
131.00 106.00
131.50 106.00
132.00 106.00
132.50 106.00
133.00 106.00
133.50 106.00
134.00 106.00
134.50 106.00
135.00 106.00
135.50 106.00
136.00 106.00
136.50 106.00
137.00 106.00
137.50 106.00
138.00 106.00
138.50 106.00
139.00 106.50
139.50 106.50
140.00 106.50
140.50 106.50
141.00 107.00
141.50 107.00
142.00 107.00
142.50 107.50
143.00 107.50
143.50 108.00
144.00 108.00
144.50 108.50
145.00 108.50
145.50 109.00
146.00 109.50
146.50 110.00
147.00 110.50
147.50 111.00
148.00 111.50
148.50 112.00
148.50 112.50
149.00 113.00
149.50 113.50
149.50 114.00
149.50 114.50
150.00 115.00
150.00 115.50
150.50 116.00
150.50 116.50
150.50 117.00
151.00 117.50
151.00 118.00
151.00 118.50
151.00 119.00
151.00 119.50
151.50 120.00
151.50 120.50
151.50 121.00
151.50 121.50
151.50 122.00
151.50 122.50
151.50 123.00
151.50 123.50
151.50 124.00
151.50 124.50
151.50 125.00
151.50 125.50
151.50 126.00
151.50 126.50
151.00 127.00
151.00 127.50
151.00 128.00
151.00 128.50
150.50 129.00
150.50 129.50
150.50 130.00
150.00 130.50
150.00 131.00
149.50 131.50
149.50 132.00
149.50 132.50
149.00 133.00
149.00 133.50
148.50 134.00
148.00 134.50
147.50 135.00
147.00 135.50
147.00 136.00
146.50 136.50
146.00 136.50
145.50 137.00
145.00 137.50
