128.50 123.00
128.00 123.50
127.50 123.50
127.00 124.00
126.50 124.50
126.00 124.50
125.50 124.50
125.00 124.50
124.50 124.50
124.00 124.50
123.50 124.00
123.00 123.50
122.50 123.50
122.00 123.00
122.00 122.50
121.50 122.00
121.00 121.50
121.00 121.00
121.00 120.50
121.00 120.00
121.00 119.50
121.00 119.00
121.00 118.50
121.00 118.00
121.00 117.50
121.00 117.00
121.00 116.50
121.50 116.00
121.50 115.50
122.00 115.00
122.50 114.50
123.00 114.00
123.50 114.00
124.00 114.00
124.50 114.00
125.00 114.00
125.50 114.00
126.00 114.00
126.50 114.00
127.00 114.00
127.50 114.00
128.00 114.50
128.50 114.50
129.00 115.00
129.50 115.50
129.50 116.00
129.50 116.50
129.50 117.00
129.50 117.50
129.50 118.00
129.50 118.50
129.00 119.00
129.00 119.50
129.00 120.00
129.00 120.50
128.50 121.00
128.50 121.50
128.50 122.00
128.50 122.50
