163.00 124.00
162.50 124.50
162.50 125.00
162.00 125.50
162.00 126.00
162.00 126.50
161.50 127.00
161.50 127.50
161.00 128.00
161.00 128.50
160.50 129.00
160.00 129.50
160.00 130.00
160.00 130.50
159.50 131.00
159.00 131.50
158.50 132.00
158.00 132.50
157.50 133.00
157.00 133.50
156.50 134.00
156.00 134.50
155.50 134.50
155.00 135.00
154.50 135.00
154.00 135.50
153.50 135.50
153.00 136.00
152.50 136.00
152.00 136.00
151.50 136.50
151.00 136.50
150.50 137.00
150.00 137.00
149.50 137.00
149.00 137.00
148.50 137.50
148.00 137.50
147.50 137.50
147.00 137.50
146.50 137.50
146.00 138.00
145.50 138.00
145.00 138.00
144.50 138.00
144.00 138.00
143.50 138.50
143.00 138.50
142.50 138.50
142.00 138.50
141.50 138.50
141.00 139.00
140.50 139.00
140.00 139.00
139.50 139.00
139.00 139.00
138.50 139.00
138.00 139.50
137.50 139.50
137.00 139.50
136.50 139.50
136.00 139.50
135.50 139.50
135.00 139.50
134.50 139.50
134.00 140.00
133.50 140.00
133.00 140.00
132.50 140.00
132.00 140.00
131.50 140.00
131.00 140.00
130.50 139.50
130.00 139.50
129.50 139.50
129.00 139.50
128.50 139.50
128.00 139.50
127.50 139.00
127.00 139.00
126.50 139.00
126.00 138.50
125.50 138.50
125.00 138.00
124.50 138.00
124.00 137.50
123.50 137.00
123.00 137.00
122.50 136.50
122.00 136.00
121.50 136.00
121.00 135.50
120.50 135.00
120.00 134.50
119.50 134.00
119.00 133.50
119.00 133.00
118.50 132.50
118.00 132.00
117.50 131.50
117.50 131.00
117.00 130.50
116.50 130.00
116.50 129.50
116.00 129.00
116.00 128.50
116.00 128.00
115.50 127.50
115.50 127.00
115.00 126.50
115.00 126.00
115.00 125.50
114.50 125.00
114.50 124.50
114.50 124.00
114.00 123.50
114.00 123.00
114.00 122.50
114.00 122.00
114.00 121.50
113.50 121.00
113.50 120.50
113.50 120.00
113.50 119.50
113.50 119.00
113.50 118.50
113.00 118.00
113.00 117.50
113.00 117.00
113.00 116.50
113.00 116.00
112.50 115.50
112.50 115.00
112.50 114.50
112.50 114.00
112.50 113.50
112.50 113.00
112.50 112.50
112.00 112.00
112.00 111.50
112.00 111.00
112.00 110.50
112.00 110.00
112.00 109.50
112.00 109.00
112.00 108.50
112.00 108.00
112.00 107.50
112.00 107.00
112.00 106.50
112.00 106.00
112.00 105.50
112.00 105.00
112.00 104.50
112.00 104.00
112.50 103.50
112.50 103.00
112.50 102.50
112.50 102.00
113.00 101.50
113.00 101.00
113.00 100.50
113.50 100.00
114.00 99.50
114.00 99.00
114.00 98.50
114.50 98.00
115.00 97.50
115.50 97.00
115.50 96.50
116.00 96.00
116.50 95.50
117.00 95.00
117.50 94.50
118.00 94.00
118.50 93.50
119.00 93.00
119.50 93.00
120.00 92.50
120.50 92.00
121.00 92.00
121.50 91.50
122.00 91.50
122.50 91.00
123.00 90.50
123.50 90.50
124.00 90.50
124.50 90.00
125.00 90.00
125.50 90.00
126.00 89.50
126.50 89.50
127.00 89.50
127.50 89.50
128.00 89.50
128.50 89.00
129.00 89.00
129.50 89.00
130.00 89.00
130.50 89.00
131.00 89.00
131.50 89.00
132.00 89.00
132.50 89.00
133.00 89.00
133.50 89.00
134.00 89.00
134.50 89.00
135.00 89.00
135.50 89.00
136.00 89.50
136.50 89.50
137.00 89.50
137.50 89.50
138.00 89.50
138.50 90.00
139.00 90.00
139.50 90.00
140.00 90.00
140.50 90.00
141.00 90.50
141.50 90.50
142.00 90.50
142.50 91.00
143.00 91.00
143.50 91.00
144.00 91.50
144.50 91.50
145.00 91.50
145.50 92.00
146.00 92.00
146.50 92.00
147.00 92.50
147.50 92.50
148.00 93.00
148.50 93.00
149.00 93.50
149.50 93.50
150.00 94.00
150.50 94.00
151.00 94.50
151.50 94.50
152.00 95.00
152.50 95.00
153.00 95.50
153.50 96.00
154.00 96.50
154.50 96.50
155.00 97.00
155.50 97.50
156.00 98.00
156.50 98.50
157.00 99.00
157.50 99.50
158.00 100.00
158.50 100.50
159.00 101.00
159.50 101.50
159.50 102.00
160.00 102.50
160.50 103.00
160.50 103.50
161.00 104.00
161.50 104.50
161.50 105.00
162.00 105.50
162.00 106.00
162.50 106.50
162.50 107.00
163.00 107.50
163.00 108.00
163.00 108.50
163.50 109.00
163.50 109.50
163.50 110.00
164.00 110.50
164.00 111.00
164.00 111.50
164.00 112.00
164.00 112.50
164.00 113.00
164.50 113.50
164.50 114.00
164.50 114.50
164.50 115.00
164.50 115.50
164.50 116.00
164.50 116.50
164.50 117.00
164.50 117.50
164.00 118.00
164.00 118.50
164.00 119.00
164.00 119.50
164.00 120.00
164.00 120.50
163.50 121.00
163.50 121.50
163.50 122.00
163.50 122.50
163.00 123.00
163.00 123.50
