134.00 134.50
133.50 135.00
133.00 135.00
132.50 135.50
132.00 135.50
131.50 135.50
131.00 135.50
130.50 136.00
130.00 136.00
129.50 136.00
129.00 136.00
128.50 136.00
128.00 136.00
127.50 136.00
127.00 136.00
126.50 136.00
126.00 136.00
125.50 136.00
125.00 136.00
124.50 136.00
124.00 136.00
123.50 135.50
123.00 135.50
122.50 135.50
122.00 135.50
121.50 135.00
121.00 135.00
120.50 135.00
120.00 134.50
119.50 134.50
119.00 134.00
118.50 134.00
118.00 133.50
117.50 133.50
117.00 133.00
116.50 132.50
116.00 132.50
115.50 132.00
115.50 131.50
115.00 131.00
114.50 131.00
114.00 130.50
114.00 130.00
113.50 129.50
113.00 129.00
113.00 128.50
112.50 128.00
112.50 127.50
112.50 127.00
112.00 126.50
112.00 126.00
112.00 125.50
112.00 125.00
112.00 124.50
112.00 124.00
112.00 123.50
112.00 123.00
112.00 122.50
112.00 122.00
112.00 121.50
112.00 121.00
112.00 120.50
112.50 120.00
112.50 119.50
113.00 119.00
113.00 118.50
113.00 118.00
113.50 117.50
114.00 117.00
114.00 116.50
114.50 116.00
115.00 115.50
115.00 115.00
115.50 114.50
116.00 114.00
116.50 113.50
117.00 113.00
117.50 112.50
118.00 112.50
118.50 112.00
119.00 111.50
119.50 111.50
120.00 111.00
120.50 110.50
121.00 110.50
121.50 110.00
122.00 110.00
122.50 110.00
123.00 109.50
123.50 109.50
124.00 109.00
124.50 109.00
125.00 109.00
125.50 109.00
126.00 109.00
126.50 108.50
127.00 108.50
127.50 108.50
128.00 108.50
128.50 108.50
129.00 108.50
129.50 108.50
130.00 108.50
130.50 108.50
131.00 108.50
131.50 108.50
132.00 109.00
132.50 109.00
133.00 109.00
133.50 109.00
134.00 109.50
134.50 109.50
135.00 109.50
135.50 110.00
136.00 110.00
136.50 110.50
137.00 110.50
137.50 111.00
138.00 111.50
138.50 111.50
139.00 112.00
139.50 112.50
140.00 113.00
140.50 113.50
141.00 114.00
141.50 114.50
141.50 115.00
142.00 115.50
142.00 116.00
142.50 116.50
142.50 117.00
143.00 117.50
143.00 118.00
143.00 118.50
143.00 119.00
143.50 119.50
143.50 120.00
143.50 120.50
143.50 121.00
143.00 121.50
143.00 122.00
143.00 122.50
143.00 123.00
143.00 123.50
143.00 124.00
142.50 124.50
142.50 125.00
142.50 125.50
142.00 126.00
142.00 126.50
141.50 127.00
141.50 127.50
141.00 128.00
140.50 128.50
140.50 129.00
140.00 129.50
139.50 130.00
139.50 130.50
139.00 131.00
138.50 131.50
138.00 132.00
137.50 132.50
137.00 133.00
136.50 133.50
136.00 133.50
135.50 134.00
135.00 134.50
134.50 134.50
