126.50 108.00
127.00 107.50
127.50 107.50
128.00 107.50
128.50 107.50
129.00 107.50
129.50 107.50
130.00 107.50
130.50 107.50
131.00 107.50
131.50 107.50
132.00 107.50
132.50 107.50
133.00 107.50
133.50 108.00
134.00 108.00
134.50 108.00
135.00 108.50
135.50 108.50
136.00 108.50
136.50 109.00
137.00 109.00
137.50 109.50
138.00 109.50
138.50 110.00
139.00 110.50
139.50 110.50
140.00 111.00
140.50 111.50
141.00 112.00
141.50 112.50
142.00 113.00
142.50 113.50
143.00 114.00
143.00 114.50
143.50 115.00
144.00 115.50
144.50 116.00
145.00 116.50
145.00 117.00
145.00 117.50
145.50 118.00
145.50 118.50
146.00 119.00
146.00 119.50
146.00 120.00
146.50 120.50
146.50 121.00
146.50 121.50
147.00 122.00
147.00 122.50
147.00 123.00
147.00 123.50
147.00 124.00
147.00 124.50
147.00 125.00
147.00 125.50
147.00 126.00
147.00 126.50
147.00 127.00
147.00 127.50
147.00 128.00
146.50 128.50
146.50 129.00
146.50 129.50
146.50 130.00
146.00 130.50
146.00 131.00
146.00 131.50
145.50 132.00
145.50 132.50
145.00 133.00
145.00 133.50
145.00 134.00
144.50 134.50
144.00 135.00
144.00 135.50
143.50 136.00
143.00 136.50
142.50 137.00
142.50 137.50
142.00 138.00
141.50 138.00
141.00 138.50
140.50 139.00
140.00 139.50
139.50 140.00
139.00 140.00
138.50 140.00
138.00 140.50
137.50 140.50
137.00 140.50
136.50 141.00
136.00 141.00
135.50 141.00
135.00 141.00
134.50 141.50
134.00 141.50
133.50 141.50
133.00 141.50
132.50 141.50
132.00 141.50
131.50 141.50
131.00 141.50
130.50 141.00
130.00 141.00
129.50 141.00
129.00 141.00
128.50 140.50
128.00 140.50
127.50 140.50
127.00 140.00
126.50 140.00
126.00 139.50
125.50 139.00
125.00 138.50
124.50 138.50
124.00 138.00
123.50 137.50
123.00 137.00
122.50 136.50
122.00 136.00
122.00 135.50
121.50 135.00
121.00 134.50
121.00 134.00
120.50 133.50
120.50 133.00
120.50 132.50
120.00 132.00
120.00 131.50
120.00 131.00
119.50 130.50
119.50 130.00
119.50 129.50
119.50 129.00
119.50 128.50
119.50 128.00
119.00 127.50
119.00 127.00
119.00 126.50
119.00 126.00
119.00 125.50
119.00 125.00
119.00 124.50
119.00 124.00
119.00 123.50
119.00 123.00
119.00 122.50
119.00 122.00
119.00 121.50
119.00 121.00
119.00 120.50
119.00 120.00
119.00 119.50
119.00 119.00
119.50 118.50
119.50 118.00
119.50 117.50
119.50 117.00
119.50 116.50
120.00 116.00
120.00 115.50
120.00 115.00
120.50 114.50
120.50 114.00
121.00 113.50
121.00 113.00
121.50 112.50
121.50 112.00
122.00 111.50
122.50 111.00
122.50 110.50
123.00 110.00
123.50 109.50
124.00 109.50
124.50 109.00
125.00 108.50
125.50 108.50
126.00 108.00
