127.50 117.00
128.00 117.50
128.50 117.50
129.00 118.00
129.50 118.50
130.00 119.00
130.50 119.00
131.00 119.50
131.50 120.00
132.00 120.50
132.50 121.00
133.00 121.50
133.00 122.00
133.50 122.50
134.00 123.00
134.00 123.50
134.50 124.00
134.50 124.50
135.00 125.00
135.00 125.50
135.00 126.00
135.50 126.50
135.50 127.00
135.50 127.50
136.00 128.00
136.00 128.50
136.00 129.00
136.00 129.50
136.00 130.00
136.00 130.50
135.50 131.00
135.50 131.50
135.00 132.00
135.00 132.50
134.50 133.00
134.50 133.50
134.50 134.00
134.00 134.50
133.50 135.00
133.50 135.50
133.00 136.00
132.50 136.50
132.50 137.00
132.00 137.50
131.50 138.00
131.00 138.50
130.50 139.00
130.00 139.00
129.50 139.50
129.00 140.00
128.50 140.00
128.00 140.00
127.50 140.50
127.00 141.00
126.50 141.00
126.00 141.00
125.50 141.50
125.00 141.50
124.50 141.50
124.00 142.00
123.50 142.00
123.00 142.00
122.50 142.50
122.00 142.50
121.50 142.50
121.00 142.50
120.50 142.50
120.00 142.50
119.50 142.50
119.00 142.50
118.50 142.00
118.00 142.00
117.50 141.50
117.00 141.50
116.50 141.00
116.00 141.00
115.50 140.50
115.00 140.00
114.50 139.50
114.00 139.00
113.50 138.50
113.00 138.00
113.00 137.50
112.50 137.00
112.00 136.50
112.00 136.00
111.50 135.50
111.50 135.00
111.00 134.50
111.00 134.00
111.00 133.50
110.50 133.00
110.50 132.50
110.50 132.00
110.50 131.50
110.50 131.00
110.00 130.50
110.00 130.00
110.00 129.50
110.00 129.00
110.00 128.50
110.00 128.00
110.00 127.50
110.00 127.00
110.50 126.50
110.50 126.00
110.50 125.50
110.50 125.00
111.00 124.50
111.00 124.00
111.00 123.50
111.50 123.00
111.50 122.50
112.00 122.00
112.00 121.50
112.50 121.00
113.00 120.50
113.00 120.00
113.50 119.50
114.00 119.50
114.50 119.00
115.00 118.50
115.50 118.50
116.00 118.50
116.50 118.00
117.00 118.00
117.50 118.00
118.00 117.50
118.50 117.50
119.00 117.50
119.50 117.00
120.00 117.00
120.50 117.00
121.00 117.00
121.50 117.00
122.00 117.00
122.50 117.00
123.00 117.00
123.50 117.00
124.00 117.00
124.50 117.00
125.00 117.00
125.50 117.00
126.00 117.00
126.50 117.00
127.00 117.50
