121.50 130.50
122.00 130.00
122.00 129.50
122.50 129.00
123.00 128.50
123.50 128.00
124.00 127.50
124.00 127.00
124.50 126.50
125.00 126.00
125.50 125.50
126.00 125.00
126.50 124.50
127.00 124.00
127.50 123.50
128.00 123.00
128.50 123.00
129.00 122.50
129.50 122.00
130.00 122.00
130.50 122.00
131.00 121.50
131.50 121.50
132.00 121.50
132.50 121.50
133.00 121.50
133.50 121.50
134.00 122.00
134.50 122.00
135.00 122.50
135.50 122.50
136.00 123.00
136.50 123.00
137.00 123.50
137.00 124.00
137.50 124.50
138.00 125.00
138.00 125.50
138.00 126.00
138.50 126.50
138.50 127.00
138.50 127.50
139.00 128.00
139.00 128.50
139.00 129.00
139.00 129.50
139.00 130.00
139.00 130.50
138.50 131.00
138.50 131.50
138.50 132.00
138.00 132.50
137.50 133.00
137.00 133.50
136.50 134.00
136.50 134.50
136.00 135.00
135.50 135.50
135.00 135.50
134.50 136.00
134.00 136.00
133.50 136.50
133.00 136.50
132.50 137.00
132.00 137.50
131.50 137.50
131.00 138.00
130.50 138.00
130.00 138.50
129.50 139.00
129.00 139.00
128.50 139.00
128.00 139.50
127.50 139.50
127.00 139.50
126.50 139.50
126.00 140.00
125.50 139.50
125.00 139.00
124.50 138.50
124.00 138.50
123.50 138.00
123.00 137.50
122.50 137.00
122.00 136.50
122.00 136.00
121.50 135.50
121.50 135.00
121.50 134.50
121.50 134.00
121.50 133.50
121.50 133.00
121.50 132.50
121.50 132.00
121.50 131.50
121.50 131.00
