121.00 161.50
120.50 161.00
120.00 161.00
119.50 160.50
119.00 160.00
118.50 159.50
118.00 159.00
117.50 159.00
117.00 158.50
116.50 158.00
116.00 157.50
116.00 157.00
115.50 156.50
115.50 156.00
115.00 155.50
115.00 155.00
114.50 154.50
114.50 154.00
114.50 153.50
114.00 153.00
114.00 152.50
114.00 152.00
114.00 151.50
114.00 151.00
114.00 150.50
114.00 150.00
114.00 149.50
114.00 149.00
114.00 148.50
114.00 148.00
114.50 147.50
114.50 147.00
114.50 146.50
115.00 146.00
115.00 145.50
115.50 145.00
116.00 144.50
116.50 144.00
117.00 143.50
117.50 143.50
118.00 143.00
118.50 143.00
119.00 143.00
119.50 143.00
120.00 142.50
120.50 142.50
121.00 142.50
121.50 142.50
122.00 142.50
122.50 143.00
123.00 143.00
123.50 143.00
124.00 143.00
124.50 143.50
125.00 143.50
125.50 143.50
126.00 143.50
126.50 144.00
127.00 144.50
127.50 144.50
128.00 144.50
128.50 145.00
129.00 145.50
129.50 145.50
130.00 146.00
130.50 146.50
131.00 147.00
131.50 147.50
131.50 148.00
132.00 148.50
132.50 149.00
133.00 149.50
133.00 150.00
133.00 150.50
133.50 151.00
133.50 151.50
133.50 152.00
134.00 152.50
134.00 153.00
134.00 153.50
134.00 154.00
134.00 154.50
134.00 155.00
134.00 155.50
134.00 156.00
134.00 156.50
134.00 157.00
134.00 157.50
134.00 158.00
134.00 158.50
134.00 159.00
133.50 159.50
133.50 160.00
133.50 160.50
133.00 161.00
133.00 161.50
132.50 162.00
132.50 162.50
132.00 163.00
131.50 163.00
131.00 163.50
130.50 163.50
130.00 164.00
129.50 164.00
129.00 164.00
128.50 164.00
128.00 164.00
127.50 164.00
127.00 164.00
126.50 164.00
126.00 163.50
125.50 163.50
125.00 163.50
124.50 163.00
124.00 163.00
123.50 163.00
123.00 162.50
122.50 162.00
122.00 162.00
121.50 162.00
