111.50 159.00
111.00 159.00
110.50 159.00
110.00 159.00
109.50 159.00
109.00 159.00
108.50 159.00
108.00 159.00
107.50 158.50
107.00 158.50
106.50 158.50
106.00 158.50
105.50 158.50
105.00 158.00
104.50 158.00
104.00 158.00
103.50 157.50
103.00 157.50
102.50 157.50
102.00 157.00
101.50 157.00
101.00 156.50
100.50 156.00
100.00 156.00
99.50 155.50
99.00 155.00
98.50 154.50
98.00 154.00
97.50 153.50
97.00 153.00
97.00 152.50
96.50 152.00
96.50 151.50
96.00 151.00
96.00 150.50
95.50 150.00
95.50 149.50
95.00 149.00
95.00 148.50
95.00 148.00
94.50 147.50
94.50 147.00
94.50 146.50
94.50 146.00
94.00 145.50
94.00 145.00
94.00 144.50
94.00 144.00
94.00 143.50
94.00 143.00
94.00 142.50
93.50 142.00
93.50 141.50
93.50 141.00
93.50 140.50
93.50 140.00
93.50 139.50
93.50 139.00
93.50 138.50
93.50 138.00
93.50 137.50
93.50 137.00
93.50 136.50
93.50 136.00
93.50 135.50
93.50 135.00
93.50 134.50
93.50 134.00
93.50 133.50
93.50 133.00
93.50 132.50
93.50 132.00
94.00 131.50
94.00 131.00
94.00 130.50
94.00 130.00
94.00 129.50
94.00 129.00
94.50 128.50
94.50 128.00
94.50 127.50
94.50 127.00
95.00 126.50
95.00 126.00
95.00 125.50
95.50 125.00
95.50 124.50
96.00 124.00
96.00 123.50
96.50 123.00
96.50 122.50
97.00 122.00
97.50 121.50
97.50 121.00
98.00 120.50
98.50 120.00
99.00 119.50
99.50 119.00
100.00 118.50
100.50 118.00
101.00 118.00
101.50 117.50
102.00 117.00
102.50 117.00
103.00 116.50
103.50 116.50
104.00 116.00
104.50 116.00
105.00 116.00
105.50 115.50
106.00 115.50
106.50 115.50
107.00 115.50
107.50 115.50
108.00 115.00
108.50 115.00
109.00 115.00
109.50 115.00
110.00 115.00
110.50 115.00
111.00 115.00
111.50 115.00
112.00 115.00
112.50 115.00
113.00 115.00
113.50 115.00
114.00 115.00
114.50 115.00
115.00 115.00
115.50 115.50
116.00 115.50
116.50 115.50
117.00 115.50
117.50 116.00
118.00 116.00
118.50 116.00
119.00 116.50
119.50 116.50
120.00 116.50
120.50 116.50
121.00 117.00
121.50 117.00
122.00 117.50
122.50 117.50
123.00 118.00
123.50 118.50
124.00 119.00
124.50 119.00
125.00 119.50
125.50 120.00
126.00 120.00
126.50 120.50
126.50 121.00
127.00 121.50
127.50 121.50
128.00 122.00
128.50 122.50
128.50 123.00
129.00 123.50
129.50 124.00
130.00 124.50
130.00 125.00
130.50 125.50
130.50 126.00
131.00 126.50
131.50 127.00
131.50 127.50
131.50 128.00
132.00 128.50
132.00 129.00
132.50 129.50
132.50 130.00
132.50 130.50
133.00 131.00
133.00 131.50
133.00 132.00
133.00 132.50
133.00 133.00
133.50 133.50
133.50 134.00
133.50 134.50
133.50 135.00
133.50 135.50
133.50 136.00
133.50 136.50
133.50 137.00
133.50 137.50
133.50 138.00
133.50 138.50
133.50 139.00
133.50 139.50
133.50 140.00
133.50 140.50
133.50 141.00
133.00 141.50
133.00 142.00
133.00 142.50
133.00 143.00
133.00 143.50
132.50 144.00
132.50 144.50
132.50 145.00
132.50 145.50
132.00 146.00
132.00 146.50
131.50 147.00
131.50 147.50
131.50 148.00
131.00 148.50
131.00 149.00
130.50 149.50
130.50 150.00
130.00 150.50
129.50 151.00
129.50 151.50
129.00 152.00
128.50 152.50
128.00 153.00
127.50 153.50
127.00 154.00
126.50 154.50
126.00 155.00
125.50 155.50
125.00 156.00
124.50 156.00
124.00 156.50
123.50 156.50
123.00 157.00
122.50 157.00
122.00 157.00
121.50 157.50
121.00 157.50
120.50 158.00
120.00 158.00
119.50 158.00
119.00 158.00
118.50 158.50
118.00 158.50
117.50 158.50
117.00 158.50
116.50 158.50
116.00 159.00
115.50 159.00
115.00 159.00
114.50 159.00
114.00 159.00
113.50 159.00
113.00 159.00
112.50 159.00
112.00 159.00
