111.50 101.50
112.00 101.00
112.50 100.50
113.00 100.00
113.50 99.50
114.00 99.00
114.50 98.50
115.00 98.50
115.50 98.00
116.00 97.50
116.50 97.50
117.00 97.00
117.50 97.00
118.00 96.50
118.50 96.50
119.00 96.00
119.50 96.00
120.00 95.50
120.50 95.50
121.00 95.00
121.50 95.00
122.00 94.50
122.50 94.50
123.00 94.50
123.50 94.50
124.00 94.50
124.50 94.00
125.00 94.00
125.50 94.00
126.00 94.00
126.50 94.00
127.00 94.00
127.50 94.00
128.00 94.00
128.50 94.00
129.00 94.00
129.50 94.00
130.00 94.00
130.50 94.00
131.00 94.00
131.50 94.00
132.00 94.00
132.50 94.00
133.00 94.00
133.50 94.50
134.00 94.50
134.50 94.50
135.00 94.50
135.50 95.00
136.00 95.00
136.50 95.00
137.00 95.50
137.50 96.00
138.00 96.00
138.50 96.00
139.00 96.50
139.50 97.00
140.00 97.00
140.50 97.50
141.00 98.00
141.50 98.50
142.00 99.00
142.50 99.50
143.00 100.00
143.50 100.50
144.00 101.00
144.00 101.50
144.50 102.00
145.00 102.50
145.00 103.00
145.50 103.50
146.00 104.00
146.00 104.50
146.00 105.00
146.50 105.50
146.50 106.00
147.00 106.50
147.00 107.00
147.50 107.50
147.50 108.00
147.50 108.50
148.00 109.00
148.00 109.50
148.00 110.00
148.50 110.50
148.50 111.00
148.50 111.50
148.50 112.00
149.00 112.50
149.00 113.00
149.00 113.50
149.00 114.00
149.50 114.50
149.50 115.00
149.50 115.50
149.50 116.00
149.50 116.50
149.50 117.00
150.00 117.50
150.00 118.00
150.00 118.50
150.00 119.00
150.00 119.50
150.00 120.00
150.00 120.50
150.00 121.00
150.00 121.50
150.00 122.00
150.00 122.50
150.00 123.00
150.00 123.50
150.00 124.00
150.00 124.50
150.00 125.00
150.00 125.50
149.50 126.00
149.50 126.50
149.50 127.00
149.50 127.50
149.50 128.00
149.00 128.50
149.00 129.00
149.00 129.50
149.00 130.00
148.50 130.50
148.50 131.00
148.50 131.50
148.00 132.00
148.00 132.50
148.00 133.00
147.50 133.50
147.00 134.00
147.00 134.50
147.00 135.00
146.50 135.50
146.00 136.00
146.00 136.50
145.50 137.00
145.00 137.50
145.00 138.00
144.50 138.50
144.00 139.00
143.50 139.50
143.00 140.00
142.50 140.50
142.00 141.00
141.50 141.00
141.00 141.50
140.50 142.00
140.00 142.00
139.50 142.00
139.00 142.50
138.50 143.00
138.00 143.00
137.50 143.00
137.00 143.00
136.50 143.50
136.00 143.50
135.50 143.50
135.00 143.50
134.50 143.50
134.00 144.00
133.50 144.00
133.00 144.00
132.50 144.00
132.00 144.00
131.50 144.00
131.00 144.00
130.50 144.00
130.00 144.00
129.50 144.00
129.00 144.00
128.50 144.00
128.00 144.00
127.50 144.00
127.00 144.00
126.50 144.00
126.00 144.00
125.50 144.00
125.00 143.50
124.50 143.50
124.00 143.50
123.50 143.50
123.00 143.50
122.50 143.50
122.00 143.00
121.50 143.00
121.00 143.00
120.50 143.00
120.00 142.50
119.50 142.50
119.00 142.50
118.50 142.00
118.00 142.00
117.50 142.00
117.00 141.50
116.50 141.00
116.00 141.00
115.50 140.50
115.00 140.50
114.50 140.00
114.00 139.50
113.50 139.50
113.00 139.00
112.50 138.50
112.00 138.00
111.50 137.50
111.00 137.50
110.50 137.00
110.00 136.50
110.00 136.00
109.50 135.50
109.00 135.00
108.50 134.50
108.50 134.00
108.00 133.50
107.50 133.00
107.50 132.50
107.50 132.00
107.00 131.50
107.00 131.00
106.50 130.50
106.50 130.00
106.50 129.50
106.00 129.00
106.00 128.50
106.00 128.00
106.00 127.50
105.50 127.00
105.50 126.50
105.50 126.00
105.50 125.50
105.50 125.00
105.50 124.50
105.00 124.00
105.00 123.50
105.00 123.00
105.00 122.50
105.00 122.00
105.00 121.50
105.00 121.00
105.00 120.50
105.00 120.00
105.00 119.50
105.00 119.00
104.50 118.50
104.50 118.00
104.50 117.50
104.50 117.00
104.50 116.50
104.50 116.00
104.50 115.50
104.50 115.00
105.00 114.50
105.00 114.00
105.00 113.50
105.00 113.00
105.00 112.50
105.00 112.00
105.50 111.50
105.50 111.00
105.50 110.50
106.00 110.00
106.00 109.50
106.00 109.00
106.50 108.50
107.00 108.00
107.00 107.50
107.50 107.00
107.50 106.50
108.00 106.00
108.50 105.50
108.50 105.00
109.00 104.50
109.50 104.00
110.00 103.50
110.00 103.00
110.50 102.50
111.00 102.00
