146.50 120.00
147.00 120.50
147.50 121.00
148.00 121.50
148.50 122.00
148.50 122.50
149.00 123.00
149.00 123.50
149.50 124.00
149.50 124.50
150.00 125.00
150.00 125.50
150.00 126.00
150.50 126.50
150.50 127.00
150.50 127.50
151.00 128.00
151.00 128.50
151.00 129.00
151.00 129.50
151.00 130.00
151.00 130.50
151.50 131.00
151.50 131.50
151.50 132.00
151.50 132.50
151.50 133.00
151.50 133.50
151.50 134.00
151.50 134.50
151.00 135.00
151.00 135.50
151.00 136.00
151.00 136.50
150.50 137.00
150.50 137.50
150.50 138.00
150.50 138.50
150.00 139.00
149.50 139.50
149.50 140.00
149.00 140.50
149.00 141.00
148.50 141.50
148.00 142.00
148.00 142.50
147.50 143.00
147.00 143.00
146.50 143.50
146.00 144.00
145.50 144.50
145.00 144.50
144.50 145.00
144.00 145.50
143.50 145.50
143.00 146.00
142.50 146.00
142.00 146.50
141.50 146.50
141.00 147.00
140.50 147.00
140.00 147.50
139.50 147.50
139.00 147.50
138.50 147.50
138.00 148.00
137.50 148.00
137.00 148.00
136.50 148.00
136.00 148.00
135.50 148.00
135.00 148.00
134.50 148.00
134.00 148.00
133.50 148.00
133.00 148.00
132.50 148.00
132.00 148.00
131.50 147.50
131.00 147.50
130.50 147.50
130.00 147.00
129.50 147.00
129.00 146.50
128.50 146.50
128.00 146.00
127.50 146.00
127.00 145.50
126.50 145.00
126.00 145.00
125.50 144.50
125.00 144.00
124.50 143.50
124.00 143.00
123.50 142.50
123.00 142.00
123.00 141.50
122.50 141.00
122.00 140.50
121.50 140.00
121.00 139.50
121.00 139.00
121.00 138.50
120.50 138.00
120.00 137.50
120.00 137.00
120.00 136.50
119.50 136.00
119.50 135.50
119.00 135.00
119.00 134.50
119.00 134.00
118.50 133.50
118.50 133.00
118.50 132.50
118.50 132.00
118.50 131.50
118.50 131.00
118.00 130.50
118.00 130.00
118.00 129.50
118.00 129.00
118.00 128.50
118.00 128.00
118.50 127.50
118.50 127.00
118.50 126.50
118.50 126.00
118.50 125.50
118.50 125.00
119.00 124.50
119.00 124.00
119.00 123.50
119.50 123.00
119.50 122.50
120.00 122.00
120.00 121.50
120.50 121.00
121.00 120.50
121.50 120.00
122.00 119.50
122.50 119.00
123.00 118.50
123.50 118.50
124.00 118.00
124.50 117.50
125.00 117.50
125.50 117.00
126.00 117.00
126.50 116.50
127.00 116.50
127.50 116.00
128.00 115.50
128.50 115.50
129.00 115.00
129.50 115.00
130.00 114.50
130.50 114.50
131.00 114.00
131.50 114.00
132.00 114.00
132.50 113.50
133.00 113.50
133.50 113.50
134.00 113.50
134.50 113.50
135.00 113.50
135.50 113.50
136.00 113.50
136.50 113.50
137.00 113.50
137.50 114.00
138.00 114.00
138.50 114.00
139.00 114.50
139.50 114.50
140.00 115.00
140.50 115.00
141.00 115.50
141.50 116.00
142.00 116.50
142.50 116.50
143.00 117.00
143.50 117.50
144.00 118.00
144.50 118.00
145.00 118.50
145.50 119.00
146.00 119.50
