120.00 120.00
120.50 119.50
120.50 119.00
121.00 118.50
121.50 118.00
121.50 117.50
122.00 117.00
122.50 116.50
123.00 116.00
123.50 115.50
124.00 115.00
124.50 115.00
125.00 114.50
125.50 114.50
126.00 114.00
126.50 114.00
127.00 114.00
127.50 114.00
128.00 114.00
128.50 114.00
129.00 113.50
129.50 113.50
130.00 114.00
130.50 114.00
131.00 114.00
131.50 114.00
132.00 114.00
132.50 114.00
133.00 114.00
133.50 114.50
134.00 114.50
134.50 114.50
135.00 115.00
135.50 115.00
136.00 115.00
136.50 115.50
137.00 115.50
137.50 115.50
138.00 116.00
138.50 116.00
139.00 116.50
139.50 117.00
139.50 117.50
140.00 118.00
140.00 118.50
140.00 119.00
140.00 119.50
140.50 120.00
140.50 120.50
140.50 121.00
140.50 121.50
141.00 122.00
141.00 122.50
141.00 123.00
141.00 123.50
141.00 124.00
141.00 124.50
141.50 125.00
141.50 125.50
141.50 126.00
141.50 126.50
141.50 127.00
141.50 127.50
141.50 128.00
141.50 128.50
141.50 129.00
141.00 129.50
141.00 130.00
141.00 130.50
141.00 131.00
141.00 131.50
140.50 132.00
140.50 132.50
140.00 133.00
140.00 133.50
140.00 134.00
139.50 134.50
139.00 135.00
139.00 135.50
138.50 136.00
138.00 136.50
137.50 136.50
137.00 137.00
136.50 137.50
136.00 138.00
135.50 138.00
135.00 138.50
134.50 139.00
134.00 139.00
133.50 139.50
133.00 140.00
132.50 140.00
132.00 140.00
131.50 140.00
131.00 140.00
130.50 140.00
130.00 140.50
129.50 140.50
129.00 140.00
128.50 140.00
128.00 140.00
127.50 140.00
127.00 140.00
126.50 140.00
126.00 139.50
125.50 139.50
125.00 139.50
124.50 139.00
124.00 139.00
123.50 138.50
123.00 138.50
122.50 138.00
122.00 138.00
121.50 137.50
121.00 137.00
120.50 136.50
120.00 136.00
120.00 135.50
119.50 135.00
119.50 134.50
119.50 134.00
119.00 133.50
119.00 133.00
119.00 132.50
118.50 132.00
118.50 131.50
118.50 131.00
118.50 130.50
118.00 130.00
118.00 129.50
118.00 129.00
118.00 128.50
118.00 128.00
118.00 127.50
118.00 127.00
118.00 126.50
118.00 126.00
118.00 125.50
118.00 125.00
118.00 124.50
118.00 124.00
118.50 123.50
118.50 123.00
118.50 122.50
118.50 122.00
118.50 121.50
119.00 121.00
119.50 120.50
