116.50 155.50
116.00 155.50
115.50 155.50
115.00 155.50
114.50 155.50
114.00 155.50
113.50 155.50
113.00 155.50
112.50 155.00
112.00 155.00
111.50 155.00
111.00 155.00
110.50 154.50
110.00 154.50
109.50 154.00
109.00 154.00
108.50 154.00
108.00 153.50
107.50 153.50
107.00 153.00
106.50 153.00
106.00 152.50
105.50 152.00
105.00 152.00
104.50 151.50
104.00 151.00
103.50 150.50
103.00 150.00
102.50 149.50
102.50 149.00
102.00 148.50
101.50 148.00
101.50 147.50
101.50 147.00
101.00 146.50
101.00 146.00
100.50 145.50
100.50 145.00
100.50 144.50
100.50 144.00
100.50 143.50
100.00 143.00
100.00 142.50
100.00 142.00
100.00 141.50
100.00 141.00
100.00 140.50
100.00 140.00
100.00 139.50
100.00 139.00
100.00 138.50
100.00 138.00
100.00 137.50
100.50 137.00
100.50 136.50
100.50 136.00
100.50 135.50
100.50 135.00
100.50 134.50
101.00 134.00
101.00 133.50
101.00 133.00
101.00 132.50
101.50 132.00
101.50 131.50
101.50 131.00
102.00 130.50
102.00 130.00
102.00 129.50
102.50 129.00
102.50 128.50
103.00 128.00
103.00 127.50
103.50 127.00
104.00 126.50
104.50 126.00
105.00 125.50
105.50 125.00
106.00 124.50
106.50 124.50
107.00 124.00
107.50 124.00
108.00 123.50
108.50 123.50
109.00 123.50
109.50 123.00
110.00 123.00
110.50 123.00
111.00 123.00
111.50 123.00
112.00 123.00
112.50 123.00
113.00 123.00
113.50 123.00
114.00 123.00
114.50 123.00
115.00 123.00
115.50 123.00
116.00 123.00
116.50 123.00
117.00 123.00
117.50 123.50
118.00 123.50
118.50 123.50
119.00 123.50
119.50 123.50
120.00 124.00
120.50 124.00
121.00 124.50
121.50 124.50
122.00 124.50
122.50 125.00
123.00 125.00
123.50 125.50
124.00 125.50
124.50 126.00
125.00 126.00
125.50 126.50
126.00 127.00
126.50 127.00
127.00 127.50
127.50 128.00
128.00 128.50
128.50 129.00
128.50 129.50
129.00 130.00
129.50 130.50
129.50 131.00
130.00 131.50
130.50 132.00
130.50 132.50
130.50 133.00
131.00 133.50
131.00 134.00
131.00 134.50
131.00 135.00
131.00 135.50
131.00 136.00
131.00 136.50
131.50 137.00
131.50 137.50
131.50 138.00
131.50 138.50
131.00 139.00
131.00 139.50
131.00 140.00
131.00 140.50
131.00 141.00
131.00 141.50
131.00 142.00
130.50 142.50
130.50 143.00
130.50 143.50
130.50 144.00
130.00 144.50
130.00 145.00
130.00 145.50
130.00 146.00
129.50 146.50
129.50 147.00
129.00 147.50
129.00 148.00
128.50 148.50
128.00 149.00
128.00 149.50
127.50 150.00
127.00 150.50
127.00 151.00
126.50 151.50
126.00 152.00
125.50 152.50
125.00 153.00
124.50 153.00
124.00 153.50
123.50 153.50
123.00 154.00
122.50 154.50
122.00 154.50
121.50 154.50
121.00 155.00
120.50 155.00
120.00 155.00
119.50 155.00
119.00 155.50
118.50 155.50
118.00 155.50
117.50 155.50
117.00 155.50
