138.50 135.00
138.00 135.00
137.50 135.00
137.00 135.00
136.50 135.00
136.00 135.00
135.50 135.00
135.00 135.00
134.50 134.50
134.00 134.00
133.50 134.00
133.00 133.50
132.50 133.00
132.00 132.50
131.50 132.50
131.00 132.00
131.00 131.50
130.50 131.00
130.00 130.50
129.50 130.00
129.50 129.50
129.00 129.00
129.00 128.50
129.00 128.00
128.50 127.50
128.50 127.00
128.50 126.50
128.50 126.00
128.50 125.50
128.50 125.00
128.50 124.50
128.50 124.00
129.00 123.50
129.00 123.00
129.50 122.50
129.50 122.00
130.00 121.50
130.50 121.00
131.00 120.50
131.50 120.00
132.00 119.50
132.50 119.00
133.00 119.00
133.50 118.50
134.00 118.50
134.50 118.50
135.00 118.50
135.50 118.50
136.00 118.50
136.50 119.00
137.00 119.00
137.50 119.00
138.00 119.50
138.50 120.00
139.00 120.00
139.50 120.50
139.50 121.00
140.00 121.50
140.50 122.00
141.00 122.50
141.00 123.00
141.50 123.50
141.50 124.00
142.00 124.50
142.00 125.00
142.00 125.50
142.50 126.00
142.50 126.50
142.50 127.00
142.50 127.50
142.50 128.00
142.50 128.50
142.50 129.00
142.50 129.50
142.50 130.00
142.00 130.50
142.00 131.00
142.00 131.50
141.50 132.00
141.50 132.50
141.00 133.00
140.50 133.50
140.00 134.00
139.50 134.50
139.00 135.00
