143.50 118.00
144.00 118.50
144.50 118.50
145.00 119.00
145.50 119.00
146.00 119.00
146.50 119.50
147.00 119.50
147.50 120.00
148.00 120.50
148.50 120.50
149.00 121.00
149.50 121.50
150.00 121.50
150.50 122.00
150.50 122.50
151.00 123.00
151.50 123.50
152.00 124.00
152.50 124.50
152.50 125.00
152.50 125.50
153.00 126.00
153.00 126.50
153.50 127.00
153.50 127.50
153.50 128.00
153.50 128.50
153.50 129.00
153.50 129.50
153.50 130.00
153.50 130.50
153.50 131.00
153.00 131.50
153.00 132.00
153.00 132.50
152.50 133.00
152.50 133.50
152.50 134.00
152.50 134.50
152.00 135.00
151.50 135.50
151.00 136.00
151.00 136.50
150.50 137.00
150.00 137.50
149.50 138.00
149.00 138.50
148.50 139.00
148.00 139.50
147.50 139.50
147.00 140.00
146.50 140.50
146.00 140.50
145.50 141.00
145.00 141.00
144.50 141.50
144.00 141.50
143.50 141.50
143.00 142.00
142.50 142.00
142.00 142.00
141.50 142.00
141.00 142.00
140.50 142.00
140.00 142.00
139.50 142.00
139.00 142.00
138.50 141.50
138.00 141.50
137.50 141.50
137.00 141.50
136.50 141.50
136.00 141.50
135.50 141.50
135.00 141.00
134.50 141.00
134.00 141.00
133.50 140.50
133.00 140.00
132.50 139.50
132.00 139.00
132.00 138.50
132.00 138.00
131.50 137.50
131.50 137.00
131.50 136.50
131.00 136.00
131.00 135.50
131.00 135.00
131.00 134.50
131.00 134.00
130.50 133.50
130.50 133.00
130.50 132.50
130.50 132.00
130.50 131.50
130.00 131.00
130.00 130.50
130.00 130.00
130.00 129.50
130.00 129.00
130.00 128.50
130.00 128.00
130.00 127.50
130.00 127.00
130.00 126.50
130.00 126.00
130.00 125.50
130.00 125.00
130.00 124.50
130.50 124.00
130.50 123.50
130.50 123.00
131.00 122.50
131.50 122.00
132.00 121.50
132.50 121.00
133.00 120.50
133.50 120.00
134.00 119.50
134.50 119.50
135.00 119.00
135.50 119.00
136.00 118.50
136.50 118.50
137.00 118.50
137.50 118.00
138.00 118.00
138.50 118.00
139.00 117.50
139.50 117.50
140.00 117.50
140.50 117.50
141.00 117.50
141.50 117.50
142.00 117.50
142.50 117.50
143.00 117.50
