140.50 118.50
140.50 119.00
141.00 119.50
141.00 120.00
141.00 120.50
141.00 121.00
141.00 121.50
141.00 122.00
141.00 122.50
141.00 123.00
141.00 123.50
141.00 124.00
140.50 124.50
140.00 125.00
139.50 125.50
139.00 126.00
138.50 126.00
138.00 126.50
137.50 126.50
137.00 127.00
136.50 127.00
136.00 127.00
135.50 127.00
135.00 127.00
134.50 127.00
134.00 127.00
133.50 126.50
133.00 126.50
132.50 126.50
132.00 126.00
131.50 125.50
131.00 125.00
130.50 124.50
130.50 124.00
130.00 123.50
130.00 123.00
129.50 122.50
129.50 122.00
129.50 121.50
129.50 121.00
129.50 120.50
129.50 120.00
129.50 119.50
129.50 119.00
130.00 118.50
130.00 118.00
130.50 117.50
131.00 117.50
131.50 117.00
132.00 116.50
132.50 116.00
133.00 116.00
133.50 115.50
134.00 115.50
134.50 115.50
135.00 115.50
135.50 115.50
136.00 115.50
136.50 115.50
137.00 115.50
137.50 116.00
138.00 116.00
138.50 116.50
139.00 117.00
139.50 117.50
140.00 118.00
