131.50 125.50
132.00 125.50
132.50 125.50
133.00 125.00
133.50 125.00
134.00 125.00
134.50 125.00
135.00 125.00
135.50 125.00
136.00 125.00
136.50 125.00
137.00 125.00
137.50 125.00
138.00 125.00
138.50 125.00
139.00 125.00
139.50 125.50
140.00 125.50
140.50 125.50
141.00 126.00
141.50 126.00
142.00 126.50
142.50 127.00
143.00 127.00
143.50 127.50
144.00 128.00
144.50 128.50
145.00 129.00
145.50 129.50
146.00 130.00
146.50 130.50
147.00 131.00
147.50 131.50
147.50 132.00
148.00 132.50
148.50 133.00
149.00 133.50
149.00 134.00
149.50 134.50
149.50 135.00
150.00 135.50
150.00 136.00
150.50 136.50
150.50 137.00
150.50 137.50
150.50 138.00
150.50 138.50
150.50 139.00
150.50 139.50
150.50 140.00
150.50 140.50
150.50 141.00
150.00 141.50
150.00 142.00
150.00 142.50
149.50 143.00
149.00 143.50
149.00 144.00
148.50 144.50
148.50 145.00
148.00 145.50
147.50 146.00
147.00 146.50
146.50 147.00
146.00 147.50
145.50 148.00
145.00 148.50
144.50 148.50
144.00 149.00
143.50 149.00
143.00 149.50
142.50 149.50
142.00 149.50
141.50 150.00
141.00 150.00
140.50 150.00
140.00 150.50
139.50 150.50
139.00 150.50
138.50 150.50
138.00 150.50
137.50 150.50
137.00 150.50
136.50 150.50
136.00 150.50
135.50 150.50
135.00 150.50
134.50 150.50
134.00 150.50
133.50 150.50
133.00 150.50
132.50 150.00
132.00 150.00
131.50 150.00
131.00 150.00
130.50 149.50
130.00 149.50
129.50 149.50
129.00 149.00
128.50 149.00
128.00 148.50
127.50 148.00
127.00 148.00
126.50 148.00
126.00 147.50
126.00 147.00
125.50 146.50
125.00 146.00
125.00 145.50
124.50 145.00
124.00 144.50
124.00 144.00
124.00 143.50
124.00 143.00
123.50 142.50
123.50 142.00
123.50 141.50
123.50 141.00
123.50 140.50
123.50 140.00
123.50 139.50
123.50 139.00
123.50 138.50
123.50 138.00
123.50 137.50
123.50 137.00
123.50 136.50
123.50 136.00
124.00 135.50
124.00 135.00
124.00 134.50
124.00 134.00
124.50 133.50
124.50 133.00
124.50 132.50
124.50 132.00
125.00 131.50
125.00 131.00
125.50 130.50
126.00 130.00
126.00 129.50
126.50 129.00
127.00 128.50
127.50 128.00
128.00 127.50
128.50 127.00
129.00 127.00
129.50 126.50
130.00 126.00
130.50 126.00
131.00 126.00
