135.00 145.00
134.50 145.00
134.00 145.00
133.50 145.00
133.00 144.50
132.50 144.50
132.00 144.50
131.50 144.00
131.00 144.00
130.50 143.50
130.00 143.00
129.50 143.00
129.00 142.50
128.50 142.00
128.00 141.50
127.50 141.00
127.00 140.50
126.50 140.00
126.00 139.50
125.50 139.00
125.50 138.50
125.00 138.00
124.50 137.50
124.00 137.00
124.00 136.50
123.50 136.00
123.50 135.50
123.00 135.00
123.00 134.50
123.00 134.00
122.50 133.50
122.50 133.00
122.00 132.50
122.00 132.00
122.00 131.50
122.00 131.00
122.00 130.50
121.50 130.00
121.50 129.50
121.50 129.00
121.50 128.50
121.50 128.00
121.50 127.50
121.50 127.00
121.50 126.50
121.50 126.00
121.50 125.50
121.50 125.00
121.50 124.50
121.50 124.00
121.50 123.50
121.50 123.00
122.00 122.50
122.00 122.00
122.00 121.50
122.00 121.00
122.50 120.50
122.50 120.00
122.50 119.50
122.50 119.00
123.00 118.50
123.00 118.00
123.00 117.50
123.50 117.00
124.00 116.50
124.00 116.00
124.00 115.50
124.50 115.00
125.00 114.50
125.50 114.00
125.50 113.50
126.00 113.00
126.50 113.00
127.00 112.50
127.50 112.00
128.00 111.50
128.50 111.50
129.00 111.00
129.50 111.00
130.00 111.00
130.50 110.50
131.00 110.50
131.50 110.50
132.00 110.50
132.50 110.50
133.00 110.00
133.50 110.00
134.00 110.00
134.50 110.00
135.00 110.00
135.50 110.00
136.00 110.00
136.50 110.50
137.00 110.50
137.50 110.50
138.00 110.50
138.50 110.50
139.00 110.50
139.50 111.00
140.00 111.00
140.50 111.00
141.00 111.50
141.50 111.50
142.00 112.00
142.50 112.00
143.00 112.00
143.50 112.50
144.00 113.00
144.50 113.00
145.00 113.50
145.50 114.00
146.00 114.50
146.50 115.00
147.00 115.50
147.50 116.00
148.00 116.50
148.50 117.00
148.50 117.50
149.00 118.00
149.00 118.50
149.50 119.00
149.50 119.50
149.50 120.00
150.00 120.50
150.00 121.00
150.00 121.50
150.50 122.00
150.50 122.50
150.50 123.00
150.50 123.50
150.50 124.00
150.50 124.50
150.50 125.00
150.50 125.50
150.50 126.00
150.50 126.50
150.50 127.00
150.50 127.50
150.50 128.00
150.50 128.50
150.50 129.00
150.50 129.50
150.00 130.00
150.00 130.50
150.00 131.00
150.00 131.50
149.50 132.00
149.50 132.50
149.50 133.00
149.00 133.50
149.00 134.00
148.50 134.50
148.50 135.00
148.00 135.50
147.50 136.00
147.50 136.50
147.00 137.00
146.50 137.50
146.50 138.00
146.00 138.50
145.50 139.00
145.00 139.50
144.50 140.00
144.00 140.50
143.50 141.00
143.00 141.50
142.50 142.00
142.00 142.00
141.50 142.50
141.00 143.00
140.50 143.50
140.00 143.50
139.50 143.50
139.00 144.00
138.50 144.50
138.00 144.50
137.50 144.50
137.00 145.00
136.50 145.00
136.00 145.00
135.50 145.00
