109.00 124.00
109.50 124.00
110.00 124.00
110.50 124.00
111.00 123.50
111.50 123.50
112.00 123.50
112.50 123.50
113.00 123.00
113.50 123.00
114.00 123.00
114.50 123.00
115.00 123.00
115.50 123.00
116.00 123.00
116.50 122.50
117.00 122.50
117.50 122.50
118.00 122.50
118.50 122.50
119.00 122.50
119.50 122.50
120.00 122.50
120.50 122.50
121.00 122.50
121.50 122.50
122.00 122.50
122.50 122.50
123.00 122.50
123.50 122.50
124.00 122.50
124.50 123.00
125.00 123.00
125.50 123.00
126.00 123.00
126.50 123.50
127.00 123.50
127.50 124.00
128.00 124.00
128.50 124.50
129.00 124.50
129.50 125.00
130.00 125.50
130.50 126.00
131.00 126.50
131.00 127.00
131.50 127.50
132.00 128.00
132.50 128.50
132.50 129.00
132.50 129.50
133.00 130.00
133.50 130.50
133.50 131.00
133.50 131.50
134.00 132.00
134.00 132.50
134.50 133.00
134.50 133.50
134.50 134.00
134.50 134.50
135.00 135.00
135.00 135.50
135.00 136.00
135.00 136.50
135.50 137.00
135.50 137.50
135.50 138.00
135.50 138.50
135.50 139.00
135.50 139.50
135.50 140.00
135.50 140.50
135.50 141.00
135.50 141.50
135.50 142.00
135.00 142.50
135.00 143.00
135.00 143.50
135.00 144.00
134.50 144.50
134.50 145.00
134.50 145.50
134.00 146.00
134.00 146.50
133.50 147.00
133.50 147.50
133.50 148.00
133.00 148.50
133.00 149.00
132.50 149.50
132.00 150.00
132.00 150.50
132.00 151.00
131.50 151.50
131.00 152.00
131.00 152.50
131.00 153.00
130.50 153.50
130.50 154.00
130.00 154.50
129.50 155.00
129.00 155.50
128.50 156.00
128.00 156.50
127.50 157.00
127.00 157.50
126.50 158.00
126.00 158.00
125.50 158.50
125.00 159.00
124.50 159.00
124.00 159.50
123.50 159.50
123.00 160.00
122.50 160.00
122.00 160.00
121.50 160.50
121.00 160.50
120.50 161.00
120.00 161.00
119.50 161.00
119.00 161.00
118.50 161.50
118.00 161.50
117.50 161.50
117.00 161.50
116.50 161.50
116.00 161.50
115.50 161.50
115.00 161.50
114.50 161.50
114.00 161.50
113.50 161.50
113.00 161.50
112.50 161.00
112.00 161.00
111.50 161.00
111.00 161.00
110.50 160.50
110.00 160.50
109.50 160.50
109.00 160.00
108.50 160.00
108.00 159.50
107.50 159.00
107.00 159.00
106.50 159.00
106.00 158.50
105.50 158.00
105.00 158.00
104.50 157.50
104.00 157.00
103.50 156.50
103.00 156.00
102.50 155.50
102.00 155.00
101.50 154.50
101.00 154.00
101.00 153.50
100.50 153.00
100.00 152.50
99.50 152.00
99.50 151.50
99.00 151.00
99.00 150.50
98.50 150.00
98.50 149.50
98.00 149.00
98.00 148.50
97.50 148.00
97.50 147.50
97.00 147.00
97.00 146.50
97.00 146.00
97.00 145.50
96.50 145.00
96.50 144.50
96.50 144.00
96.50 143.50
96.50 143.00
96.50 142.50
96.50 142.00
96.50 141.50
96.50 141.00
96.50 140.50
96.50 140.00
96.50 139.50
97.00 139.00
97.00 138.50
97.00 138.00
97.00 137.50
97.50 137.00
97.50 136.50
98.00 136.00
98.00 135.50
98.50 135.00
98.50 134.50
99.00 134.00
98.50 133.50
99.00 133.00
99.50 132.50
100.00 132.00
100.50 131.50
101.00 131.00
101.50 130.50
102.00 130.00
102.50 130.00
103.00 129.50
103.50 129.00
104.00 128.50
104.50 128.00
105.00 127.50
105.50 127.00
106.00 126.50
106.50 126.00
107.00 125.50
107.50 125.00
108.00 124.50
108.50 124.00
