111.00 145.00
111.00 144.50
111.00 144.00
110.50 143.50
110.50 143.00
110.50 142.50
110.50 142.00
110.50 141.50
110.50 141.00
110.50 140.50
110.50 140.00
110.50 139.50
110.50 139.00
110.50 138.50
110.50 138.00
110.50 137.50
111.00 137.00
111.00 136.50
111.00 136.00
111.50 135.50
112.00 135.00
112.00 134.50
112.50 134.00
113.00 134.00
113.50 133.50
114.00 133.00
114.50 132.50
115.00 132.00
115.50 132.00
116.00 131.50
116.50 131.00
117.00 130.50
117.50 130.50
118.00 130.00
118.50 129.50
119.00 129.00
119.50 129.00
120.00 128.50
120.50 128.00
121.00 127.50
121.50 127.50
122.00 127.50
122.50 127.00
123.00 126.50
123.50 126.50
124.00 126.00
124.50 126.00
125.00 125.50
125.50 125.50
126.00 125.50
126.50 125.00
127.00 125.00
127.50 125.00
128.00 124.50
128.50 124.50
129.00 124.00
129.50 124.00
130.00 124.00
130.50 124.00
131.00 123.50
131.50 123.50
132.00 123.50
132.50 123.50
133.00 123.00
133.50 123.00
134.00 123.00
134.50 123.00
135.00 123.00
135.50 123.00
136.00 123.00
136.50 123.00
137.00 123.00
137.50 123.00
138.00 123.00
138.50 123.50
139.00 123.50
139.50 123.50
140.00 124.00
140.50 124.00
141.00 124.50
141.50 125.00
142.00 125.00
142.50 125.50
143.00 126.00
143.50 126.50
144.00 126.50
144.50 127.00
145.00 127.50
145.50 128.00
145.50 128.50
146.00 129.00
146.50 129.50
147.00 130.00
147.50 130.50
147.50 131.00
148.00 131.50
148.50 132.00
149.00 132.50
149.50 133.00
149.50 133.50
149.50 134.00
150.00 134.50
150.50 135.00
150.50 135.50
150.50 136.00
151.00 136.50
151.50 137.00
151.50 137.50
151.50 138.00
151.50 138.50
152.00 139.00
152.00 139.50
152.00 140.00
152.00 140.50
152.00 141.00
152.00 141.50
152.00 142.00
152.00 142.50
152.00 143.00
152.00 143.50
152.00 144.00
152.00 144.50
152.00 145.00
151.50 145.50
151.50 146.00
151.50 146.50
151.50 147.00
151.00 147.50
151.00 148.00
150.50 148.50
150.50 149.00
150.00 149.50
150.00 150.00
149.50 150.50
149.00 151.00
148.50 151.50
148.00 152.00
147.50 152.50
147.00 153.00
146.50 153.50
146.00 154.00
145.50 154.00
145.00 154.50
144.50 155.00
144.00 155.00
143.50 155.00
143.00 155.50
142.50 155.50
142.00 156.00
141.50 156.00
141.00 156.00
140.50 156.50
140.00 156.50
139.50 156.50
139.00 157.00
138.50 157.00
138.00 157.00
137.50 157.00
137.00 157.00
136.50 157.50
136.00 157.50
135.50 157.50
135.00 157.50
134.50 157.50
134.00 157.50
133.50 157.50
133.00 157.50
132.50 157.50
132.00 157.50
131.50 157.50
131.00 157.50
130.50 157.50
130.00 157.50
129.50 157.50
129.00 157.50
128.50 157.50
128.00 157.00
127.50 157.00
127.00 157.00
126.50 157.00
126.00 157.00
125.50 156.50
125.00 156.50
124.50 156.50
124.00 156.00
123.50 156.00
123.00 156.00
122.50 155.50
122.00 155.50
121.50 155.00
121.00 155.00
120.50 155.00
120.00 154.50
119.50 154.50
119.00 154.00
118.50 153.50
118.00 153.50
117.50 153.00
117.00 152.50
116.50 152.00
116.00 152.00
115.50 151.50
115.00 151.00
114.50 150.50
114.00 150.00
113.50 149.50
113.00 149.00
112.50 148.50
112.50 148.00
112.00 147.50
111.50 147.00
111.50 146.50
111.50 146.00
111.00 145.50
