126.00 130.50
125.50 130.50
125.00 131.00
124.50 131.00
124.00 131.00
123.50 131.50
123.00 131.50
122.50 132.00
122.00 132.00
121.50 132.00
121.00 132.00
120.50 132.00
120.00 132.50
119.50 132.00
119.00 132.00
118.50 132.00
118.00 131.50
117.50 131.00
117.50 130.50
117.00 130.00
117.00 129.50
117.00 129.00
117.00 128.50
117.00 128.00
117.00 127.50
117.00 127.00
117.00 126.50
117.50 126.00
117.50 125.50
118.00 125.00
118.00 124.50
118.50 124.00
119.00 124.00
119.50 123.50
120.00 123.50
120.50 123.00
121.00 123.00
121.50 123.00
122.00 123.00
122.50 123.00
123.00 123.00
123.50 122.50
124.00 122.50
124.50 122.50
125.00 123.00
125.50 123.00
126.00 123.00
126.50 123.50
127.00 123.50
127.50 124.00
128.00 124.50
128.50 125.00
128.50 125.50
129.00 126.00
129.00 126.50
129.00 127.00
129.00 127.50
128.50 128.00
128.00 128.50
128.00 129.00
127.50 129.50
127.00 129.50
126.50 130.00
