160.50 131.50
160.50 132.00
160.00 132.50
159.50 133.00
159.50 133.50
159.00 134.00
158.50 134.50
158.00 135.00
157.50 135.50
157.00 136.00
156.50 136.50
156.00 137.00
155.50 137.50
155.00 137.50
154.50 138.00
154.00 138.50
153.50 139.00
153.00 139.00
152.50 139.50
152.00 139.50
151.50 140.00
151.00 140.50
150.50 140.50
150.00 141.00
149.50 141.00
149.00 141.50
148.50 141.50
148.00 142.00
147.50 142.00
147.00 142.50
146.50 142.50
146.00 143.00
145.50 143.00
145.00 143.00
144.50 143.50
144.00 143.50
143.50 144.00
143.00 144.00
142.50 144.00
142.00 144.50
141.50 144.50
141.00 145.00
140.50 145.00
140.00 145.00
139.50 145.00
139.00 145.50
138.50 145.50
138.00 145.50
137.50 145.50
137.00 145.50
136.50 146.00
136.00 146.00
135.50 146.00
135.00 146.00
134.50 146.00
134.00 146.00
133.50 146.00
133.00 146.00
132.50 146.00
132.00 146.00
131.50 146.00
131.00 146.00
130.50 145.50
130.00 145.50
129.50 145.50
129.00 145.50
128.50 145.00
128.00 145.00
127.50 145.00
127.00 144.50
126.50 144.50
126.00 144.00
125.50 144.00
125.00 143.50
124.50 143.00
124.00 143.00
123.50 142.50
123.00 142.00
122.50 141.50
122.00 141.00
121.50 140.50
121.00 140.00
120.50 139.50
120.00 139.00
119.50 138.50
119.00 138.00
119.00 137.50
118.50 137.00
118.00 136.50
118.00 136.00
117.50 135.50
117.00 135.00
117.00 134.50
116.50 134.00
116.50 133.50
116.00 133.00
116.00 132.50
115.50 132.00
115.50 131.50
115.00 131.00
115.00 130.50
115.00 130.00
114.50 129.50
114.50 129.00
114.50 128.50
114.00 128.00
114.00 127.50
114.00 127.00
113.50 126.50
113.50 126.00
113.50 125.50
113.50 125.00
113.00 124.50
113.00 124.00
113.00 123.50
113.00 123.00
112.50 122.50
112.50 122.00
112.50 121.50
112.50 121.00
112.50 120.50
112.50 120.00
112.50 119.50
112.00 119.00
112.00 118.50
112.00 118.00
112.00 117.50
112.00 117.00
112.00 116.50
112.00 116.00
112.00 115.50
112.00 115.00
111.50 114.50
111.50 114.00
111.50 113.50
111.50 113.00
111.50 112.50
111.50 112.00
111.50 111.50
111.50 111.00
111.50 110.50
111.50 110.00
112.00 109.50
112.00 109.00
112.00 108.50
112.00 108.00
112.00 107.50
112.00 107.00
112.00 106.50
112.50 106.00
112.50 105.50
112.50 105.00
113.00 104.50
113.00 104.00
113.00 103.50
113.50 103.00
113.50 102.50
114.00 102.00
114.00 101.50
114.00 101.00
114.50 100.50
115.00 100.00
115.50 99.50
115.50 99.00
116.00 98.50
116.50 98.00
117.00 97.50
117.50 97.00
118.00 96.50
118.50 96.00
119.00 95.50
119.50 95.50
120.00 95.00
120.50 95.00
121.00 94.50
121.50 94.00
122.00 93.50
122.50 93.50
123.00 93.50
123.50 93.00
124.00 93.00
124.50 92.50
125.00 92.50
125.50 92.50
126.00 92.00
126.50 92.00
127.00 92.00
127.50 92.00
128.00 92.00
128.50 92.00
129.00 91.50
129.50 91.50
130.00 91.50
130.50 91.50
131.00 91.50
131.50 91.50
132.00 91.50
132.50 91.50
133.00 91.50
133.50 92.00
134.00 92.00
134.50 92.00
135.00 92.00
135.50 92.00
136.00 92.00
136.50 92.50
137.00 92.50
137.50 92.50
138.00 92.50
138.50 92.50
139.00 93.00
139.50 93.00
140.00 93.00
140.50 93.00
141.00 93.50
141.50 93.50
142.00 93.50
142.50 93.50
143.00 94.00
143.50 94.00
144.00 94.00
144.50 94.50
145.00 94.50
145.50 94.50
146.00 95.00
146.50 95.00
147.00 95.00
147.50 95.50
148.00 95.50
148.50 96.00
149.00 96.00
149.50 96.50
150.00 96.50
150.50 97.00
151.00 97.00
151.50 97.50
152.00 98.00
152.50 98.00
153.00 98.50
153.50 99.00
154.00 99.50
154.50 99.50
155.00 100.00
155.50 100.50
156.00 101.00
156.00 101.50
156.50 102.00
157.00 102.50
157.50 103.00
158.00 103.50
158.00 104.00
158.50 104.50
159.00 105.00
159.00 105.50
159.50 106.00
160.00 106.50
160.00 107.00
160.50 107.50
160.50 108.00
161.00 108.50
161.00 109.00
161.50 109.50
161.50 110.00
161.50 110.50
162.00 111.00
162.00 111.50
162.00 112.00
162.50 112.50
162.50 113.00
162.50 113.50
162.50 114.00
163.00 114.50
163.00 115.00
163.00 115.50
163.00 116.00
163.00 116.50
163.50 117.00
163.50 117.50
163.50 118.00
163.50 118.50
163.50 119.00
163.50 119.50
163.50 120.00
163.50 120.50
163.50 121.00
163.50 121.50
163.50 122.00
163.50 122.50
163.50 123.00
163.50 123.50
163.50 124.00
163.00 124.50
163.00 125.00
163.00 125.50
163.00 126.00
163.00 126.50
162.50 127.00
162.50 127.50
162.50 128.00
162.00 128.50
162.00 129.00
162.00 129.50
161.50 130.00
161.50 130.50
161.00 131.00
