113.50 133.50
114.00 133.00
114.50 132.50
115.00 132.00
115.50 131.50
116.00 131.00
116.50 130.50
117.00 130.50
117.50 130.00
118.00 129.50
118.50 129.00
119.00 129.00
119.50 129.00
120.00 128.50
120.50 128.00
121.00 128.00
121.50 128.00
122.00 128.00
122.50 127.50
123.00 127.50
123.50 127.50
124.00 127.50
124.50 127.00
125.00 127.00
125.50 127.00
126.00 127.00
126.50 127.00
127.00 127.00
127.50 127.00
128.00 127.00
128.50 127.00
129.00 126.50
129.50 126.50
130.00 126.50
130.50 126.50
131.00 126.50
131.50 126.50
132.00 127.00
132.50 127.00
133.00 127.00
133.50 127.00
134.00 127.00
134.50 127.00
135.00 127.00
135.50 127.00
136.00 127.50
136.50 127.50
137.00 127.50
137.50 127.50
138.00 127.50
138.50 128.00
139.00 128.00
139.50 128.00
140.00 128.50
140.50 128.50
141.00 128.50
141.50 129.00
142.00 129.00
142.50 129.50
143.00 129.50
143.50 130.00
144.00 130.00
144.50 130.50
145.00 130.50
145.50 131.00
146.00 131.50
146.50 132.00
147.00 132.50
147.50 133.00
148.00 133.50
148.00 134.00
148.50 134.50
149.00 135.00
149.00 135.50
149.50 136.00
150.00 136.50
150.00 137.00
150.00 137.50
150.50 138.00
150.50 138.50
151.00 139.00
151.00 139.50
151.00 140.00
151.50 140.50
151.50 141.00
151.50 141.50
152.00 142.00
152.00 142.50
152.00 143.00
152.00 143.50
152.00 144.00
152.50 144.50
152.50 145.00
152.50 145.50
152.50 146.00
152.50 146.50
152.50 147.00
152.50 147.50
152.50 148.00
152.50 148.50
152.50 149.00
152.50 149.50
152.00 150.00
152.00 150.50
152.00 151.00
151.50 151.50
151.50 152.00
151.00 152.50
151.00 153.00
150.50 153.50
150.00 154.00
149.50 154.50
149.50 155.00
149.00 155.50
148.50 156.00
148.00 156.50
147.50 157.00
147.00 157.50
147.00 158.00
146.50 158.50
146.00 159.00
146.00 159.50
145.50 160.00
145.00 160.50
144.50 161.00
144.00 161.50
143.50 162.00
143.00 162.00
142.50 162.50
142.00 162.50
141.50 162.50
141.00 163.00
140.50 163.00
140.00 163.00
139.50 163.00
139.00 163.50
138.50 163.50
138.00 163.50
137.50 164.00
137.00 164.00
136.50 164.00
136.00 164.00
135.50 164.00
135.00 164.50
134.50 164.50
134.00 164.50
133.50 164.50
133.00 164.50
132.50 164.50
132.00 164.50
131.50 164.50
131.00 164.50
130.50 164.50
130.00 164.50
129.50 164.50
129.00 164.00
128.50 164.00
128.00 163.50
127.50 163.50
127.00 163.00
126.50 163.00
126.00 162.50
125.50 162.50
125.00 162.00
124.50 161.50
124.00 161.00
123.50 160.50
123.00 160.50
122.50 160.50
122.00 160.00
121.50 160.00
121.00 159.50
120.50 159.50
120.00 159.50
119.50 159.00
119.00 159.00
118.50 158.50
118.00 158.00
117.50 158.00
117.00 157.50
116.50 157.50
116.00 157.50
115.50 157.00
115.00 156.50
114.50 156.00
114.00 155.50
113.50 155.00
113.00 154.50
112.50 154.00
112.50 153.50
112.00 153.00
112.00 152.50
112.00 152.00
111.50 151.50
111.50 151.00
111.00 150.50
111.00 150.00
111.00 149.50
111.00 149.00
111.00 148.50
110.50 148.00
110.50 147.50
110.50 147.00
110.50 146.50
110.50 146.00
110.50 145.50
110.50 145.00
110.50 144.50
110.50 144.00
110.50 143.50
110.50 143.00
110.50 142.50
110.50 142.00
110.50 141.50
111.00 141.00
111.00 140.50
111.00 140.00
111.00 139.50
111.00 139.00
111.00 138.50
111.50 138.00
111.50 137.50
111.00 137.00
111.00 136.50
111.50 136.00
111.50 135.50
112.00 135.00
112.50 134.50
113.00 134.00
