111.50 135.50
112.00 135.00
112.50 134.50
113.00 134.50
113.50 134.00
114.00 134.00
114.50 133.50
115.00 133.00
115.50 132.50
116.00 132.50
116.50 132.00
117.00 131.50
117.50 131.50
118.00 131.00
118.50 131.00
119.00 131.00
119.50 130.50
120.00 130.50
120.50 130.00
121.00 130.00
121.50 130.00
122.00 130.00
122.50 130.00
123.00 130.00
123.50 130.00
124.00 130.00
124.50 130.00
125.00 130.00
125.50 130.00
126.00 130.00
126.50 130.00
127.00 130.50
127.50 130.50
128.00 130.50
128.50 130.50
129.00 131.00
129.50 131.00
130.00 131.00
130.50 131.50
131.00 131.50
131.50 131.50
132.00 132.00
132.50 132.00
133.00 132.50
133.50 132.50
134.00 133.00
134.50 133.00
135.00 133.50
135.50 133.50
136.00 134.00
136.50 134.00
137.00 134.00
137.50 134.50
138.00 134.50
138.50 135.00
139.00 135.00
139.50 135.50
140.00 135.50
140.50 135.50
141.00 136.00
141.50 136.50
142.00 136.50
142.50 137.00
143.00 137.50
143.50 138.00
144.00 138.50
144.50 139.00
144.50 139.50
145.00 140.00
145.00 140.50
145.50 141.00
145.50 141.50
145.50 142.00
146.00 142.50
146.00 143.00
146.00 143.50
146.00 144.00
146.00 144.50
146.00 145.00
146.50 145.50
146.50 146.00
146.50 146.50
146.50 147.00
146.00 147.50
146.00 148.00
146.00 148.50
146.00 149.00
146.00 149.50
146.00 150.00
146.00 150.50
145.50 151.00
145.50 151.50
145.50 152.00
145.50 152.50
145.00 153.00
145.00 153.50
144.50 154.00
144.50 154.50
144.50 155.00
144.00 155.50
143.50 156.00
143.50 156.50
143.50 157.00
143.00 157.50
142.50 158.00
142.00 158.50
141.50 159.00
141.00 159.50
140.50 160.00
140.00 160.50
139.50 160.50
139.00 161.00
138.50 161.00
138.00 161.50
137.50 162.00
137.00 162.00
136.50 162.00
136.00 162.50
135.50 162.50
135.00 162.50
134.50 162.50
134.00 163.00
133.50 163.00
133.00 163.00
132.50 163.00
132.00 163.00
131.50 163.00
131.00 163.00
130.50 163.00
130.00 163.00
129.50 163.00
129.00 163.00
128.50 163.00
128.00 163.00
127.50 163.00
127.00 163.00
126.50 163.00
126.00 163.00
125.50 163.00
125.00 163.00
124.50 163.00
124.00 162.50
123.50 162.50
123.00 162.50
122.50 162.50
122.00 162.50
121.50 162.00
121.00 162.00
120.50 162.00
120.00 162.00
119.50 161.50
119.00 161.00
118.50 161.00
118.00 160.50
117.50 160.50
117.00 160.00
116.50 159.50
116.00 159.50
115.50 159.00
115.00 158.50
114.50 158.00
114.00 157.50
113.50 157.00
113.50 156.50
113.00 156.00
112.50 155.50
112.00 155.00
112.00 154.50
111.50 154.00
111.00 153.50
111.00 153.00
111.00 152.50
110.50 152.00
110.00 151.50
110.00 151.00
110.00 150.50
109.50 150.00
109.50 149.50
109.50 149.00
109.50 148.50
109.50 148.00
109.50 147.50
109.00 147.00
109.00 146.50
109.00 146.00
109.00 145.50
109.00 145.00
109.00 144.50
109.00 144.00
109.00 143.50
109.00 143.00
109.00 142.50
109.00 142.00
109.00 141.50
109.00 141.00
109.00 140.50
109.50 140.00
109.50 139.50
109.50 139.00
110.00 138.50
110.00 138.00
110.50 137.50
110.50 137.00
111.00 136.50
111.00 136.00
111.50 135.50
