153.00 113.50
153.00 114.00
153.50 114.50
153.50 115.00
154.00 115.50
154.00 116.00
154.00 116.50
154.50 117.00
154.50 117.50
154.50 118.00
154.50 118.50
155.00 119.00
155.00 119.50
155.00 120.00
155.00 120.50
155.00 121.00
155.00 121.50
155.00 122.00
155.00 122.50
155.00 123.00
155.00 123.50
155.00 124.00
154.50 124.50
154.50 125.00
154.50 125.50
154.50 126.00
154.00 126.50
154.00 127.00
154.00 127.50
154.00 128.00
153.50 128.50
153.50 129.00
153.50 129.50
153.00 130.00
153.00 130.50
152.50 131.00
152.50 131.50
152.50 132.00
152.00 132.50
151.50 133.00
151.50 133.50
151.00 134.00
150.50 134.50
150.00 135.00
149.50 135.50
149.00 136.00
148.50 136.50
148.00 137.00
147.50 137.50
147.00 138.00
146.50 138.00
146.00 138.00
145.50 138.50
145.00 139.00
144.50 139.50
144.00 139.50
143.50 140.00
143.00 140.00
142.50 140.00
142.00 140.50
141.50 140.50
141.00 140.50
140.50 141.00
140.00 141.00
139.50 141.00
139.00 141.50
138.50 141.50
138.00 141.50
137.50 141.50
137.00 142.00
136.50 142.00
136.00 142.00
135.50 142.00
135.00 142.00
134.50 142.00
134.00 142.00
133.50 142.00
133.00 142.00
132.50 142.50
132.00 142.50
131.50 142.50
131.00 142.50
130.50 142.50
130.00 142.50
129.50 142.00
129.00 142.00
128.50 142.00
128.00 142.00
127.50 142.00
127.00 142.00
126.50 142.00
126.00 142.00
125.50 142.00
125.00 142.00
124.50 142.00
124.00 141.50
123.50 141.50
123.00 141.50
122.50 141.50
122.00 141.50
121.50 141.50
121.00 141.00
120.50 141.00
120.00 141.00
119.50 141.00
119.00 140.50
118.50 140.50
118.00 140.50
117.50 140.00
117.00 140.00
116.50 139.50
116.00 139.50
115.50 139.50
115.00 139.00
114.50 138.50
114.00 138.00
113.50 138.00
113.00 138.00
112.50 137.50
112.00 137.00
111.50 136.50
111.00 136.00
110.50 135.50
110.00 135.00
109.50 134.50
109.50 134.00
109.50 133.50
109.00 133.00
108.50 132.50
108.00 132.00
108.00 131.50
108.00 131.00
107.50 130.50
107.50 130.00
107.00 129.50
107.00 129.00
107.00 128.50
106.50 128.00
106.50 127.50
106.50 127.00
106.50 126.50
106.00 126.00
106.00 125.50
106.00 125.00
106.00 124.50
106.00 124.00
106.00 123.50
106.00 123.00
106.00 122.50
106.00 122.00
106.00 121.50
106.00 121.00
106.00 120.50
106.00 120.00
106.50 119.50
106.50 119.00
106.50 118.50
106.50 118.00
107.00 117.50
107.00 117.00
107.00 116.50
107.50 116.00
107.00 115.50
107.00 115.00
107.50 114.50
107.50 114.00
107.50 113.50
108.00 113.00
108.00 112.50
108.00 112.00
108.50 111.50
108.50 111.00
109.00 110.50
109.00 110.00
109.50 109.50
109.50 109.00
110.00 108.50
110.50 108.00
110.50 107.50
111.00 107.00
111.50 106.50
112.00 106.00
112.50 105.50
113.00 105.50
113.50 105.00
114.00 104.50
114.50 105.00
115.00 104.50
115.50 104.50
116.00 104.50
116.50 104.00
117.00 104.00
117.50 103.50
118.00 103.50
118.50 103.00
119.00 103.00
119.50 103.00
120.00 102.50
120.50 102.50
121.00 102.50
121.50 102.00
122.00 102.00
122.50 102.00
123.00 102.00
123.50 101.50
124.00 101.50
124.50 101.50
125.00 101.50
125.50 101.50
126.00 101.00
126.50 101.00
127.00 101.00
127.50 101.00
128.00 101.00
128.50 101.00
129.00 101.00
129.50 101.00
130.00 101.00
130.50 101.00
131.00 101.00
131.50 101.50
132.00 101.50
132.50 101.50
133.00 101.50
133.50 101.50
134.00 101.50
134.50 102.00
135.00 102.00
135.50 102.50
136.00 102.50
136.50 102.50
137.00 102.50
137.50 103.00
138.00 103.00
138.50 103.50
139.00 103.50
139.50 103.50
140.00 104.00
140.50 104.50
141.00 104.50
141.50 105.00
142.00 105.00
142.50 105.50
143.00 105.50
143.50 106.00
144.00 106.50
144.50 106.50
145.00 107.00
145.50 107.50
146.00 108.00
146.50 108.00
147.00 108.50
147.50 109.00
148.00 109.00
148.50 109.50
149.00 110.00
149.50 110.50
150.00 111.00
150.50 111.50
151.00 112.00
151.50 112.50
152.00 113.00
152.50 113.00
