133.00 111.50
133.50 112.00
134.00 112.00
134.50 112.00
135.00 112.50
135.50 112.50
136.00 112.50
136.50 113.00
137.00 113.00
137.50 113.50
138.00 114.00
138.50 114.00
139.00 114.50
139.50 115.00
140.00 115.50
140.50 115.50
141.00 116.00
141.50 116.50
141.50 117.00
141.50 117.50
142.00 118.00
142.50 118.50
143.00 119.00
143.00 119.50
143.00 120.00
143.50 120.50
143.50 121.00
143.50 121.50
143.50 122.00
144.00 122.50
144.00 123.00
144.00 123.50
144.00 124.00
144.00 124.50
144.00 125.00
144.00 125.50
144.00 126.00
144.00 126.50
143.50 127.00
143.50 127.50
143.50 128.00
143.50 128.50
143.50 129.00
143.50 129.50
143.00 130.00
143.00 130.50
143.00 131.00
142.50 131.50
142.50 132.00
142.00 132.50
142.00 133.00
142.00 133.50
141.50 134.00
141.50 134.50
141.00 135.00
140.50 135.50
140.00 136.00
140.00 136.50
139.50 137.00
139.00 137.50
138.50 138.00
138.00 138.50
137.50 139.00
137.00 139.50
136.50 140.00
136.00 140.50
135.50 140.50
135.00 140.50
134.50 141.00
134.00 141.50
133.50 141.50
133.00 141.50
132.50 142.00
132.00 142.00
131.50 142.00
131.00 142.50
130.50 142.50
130.00 142.50
129.50 142.50
129.00 142.50
128.50 142.50
128.00 142.50
127.50 142.50
127.00 142.50
126.50 142.50
126.00 142.50
125.50 142.00
125.00 142.00
124.50 142.00
124.00 141.50
123.50 141.50
123.00 141.00
122.50 141.00
122.00 140.50
121.50 140.00
121.00 139.50
120.50 139.50
120.00 139.00
120.00 138.50
119.50 138.00
119.00 137.50
118.50 137.00
118.50 136.50
118.00 136.00
117.50 135.50
117.50 135.00
117.00 134.50
117.00 134.00
116.50 133.50
116.50 133.00
116.50 132.50
116.00 132.00
116.00 131.50
115.50 131.00
115.50 130.50
115.50 130.00
115.50 129.50
115.00 129.00
115.00 128.50
115.00 128.00
115.00 127.50
114.50 127.00
114.50 126.50
114.50 126.00
114.50 125.50
114.50 125.00
114.50 124.50
114.50 124.00
114.50 123.50
114.50 123.00
114.50 122.50
114.50 122.00
114.50 121.50
114.50 121.00
114.50 120.50
115.00 120.00
115.00 119.50
115.00 119.00
115.50 118.50
116.00 118.00
116.00 117.50
116.50 117.00
116.50 116.50
117.00 116.00
117.50 115.50
118.00 115.00
118.50 114.50
119.00 114.00
119.50 113.50
120.00 113.00
120.50 112.50
121.00 112.50
121.50 112.00
122.00 111.50
122.50 111.50
123.00 111.50
123.50 111.00
124.00 111.00
124.50 111.00
125.00 110.50
125.50 110.50
126.00 110.50
126.50 110.50
127.00 110.50
127.50 110.50
128.00 110.50
128.50 110.50
129.00 110.50
129.50 110.50
130.00 111.00
130.50 111.00
131.00 111.00
131.50 111.00
132.00 111.00
132.50 111.50
