119.00 136.00
118.50 136.00
118.00 136.00
117.50 135.50
117.00 135.50
116.50 135.00
116.00 134.50
115.50 134.00
115.00 133.50
114.50 133.00
114.00 132.50
114.00 132.00
113.50 131.50
113.50 131.00
113.50 130.50
113.50 130.00
113.50 129.50
113.50 129.00
114.00 128.50
114.00 128.00
114.50 127.50
114.50 127.00
114.50 126.50
115.00 126.00
115.00 125.50
115.50 125.00
116.00 124.50
116.50 124.00
117.00 123.50
117.50 123.00
118.00 123.00
118.50 122.50
119.00 122.50
119.50 122.50
120.00 122.00
120.50 122.00
121.00 122.00
121.50 122.00
122.00 122.00
122.50 122.00
123.00 122.00
123.50 122.00
124.00 122.50
124.50 122.50
125.00 122.50
125.50 123.00
126.00 123.00
126.50 123.00
127.00 123.50
127.50 124.00
128.00 124.50
128.50 125.00
129.00 125.50
129.00 126.00
129.50 126.50
129.50 127.00
129.50 127.50
129.50 128.00
129.50 128.50
129.50 129.00
129.50 129.50
129.00 130.00
129.00 130.50
128.50 131.00
128.50 131.50
128.00 132.00
127.50 132.50
127.50 133.00
127.00 133.50
126.50 133.50
126.00 134.00
125.50 134.00
125.00 134.50
124.50 134.50
124.00 135.00
123.50 135.00
123.00 135.00
122.50 135.50
122.00 135.50
121.50 136.00
121.00 136.00
120.50 136.00
120.00 136.50
119.50 136.50
