124.00 126.00
124.00 125.50
124.50 125.00
124.50 124.50
125.00 124.00
125.50 123.50
125.50 123.00
126.00 122.50
126.50 122.00
127.00 121.50
127.50 121.00
128.00 121.00
128.50 121.00
129.00 120.50
129.50 120.50
130.00 120.50
130.50 120.00
131.00 120.00
131.50 120.00
132.00 120.00
132.50 120.00
133.00 120.00
133.50 120.00
134.00 120.00
134.50 120.00
135.00 120.00
135.50 120.00
136.00 120.00
136.50 120.00
137.00 120.50
137.50 120.50
138.00 120.50
138.50 120.50
139.00 121.00
139.50 121.00
140.00 121.00
140.50 121.00
141.00 121.50
141.50 121.50
142.00 121.50
142.50 122.00
143.00 122.00
143.50 122.00
144.00 122.50
144.50 122.50
145.00 123.00
145.50 123.00
146.00 123.50
146.50 123.50
147.00 124.00
147.50 124.50
148.00 124.50
148.50 125.00
149.00 125.50
149.50 126.00
150.00 126.50
150.50 127.00
150.50 127.50
151.00 128.00
151.00 128.50
151.50 129.00
151.50 129.50
152.00 130.00
152.00 130.50
152.50 131.00
152.50 131.50
152.50 132.00
152.50 132.50
153.00 133.00
153.00 133.50
153.00 134.00
153.00 134.50
153.00 135.00
153.00 135.50
153.50 136.00
153.50 136.50
153.50 137.00
153.50 137.50
153.50 138.00
153.50 138.50
153.50 139.00
153.50 139.50
153.50 140.00
153.50 140.50
153.50 141.00
153.50 141.50
153.50 142.00
153.50 142.50
153.00 143.00
153.00 143.50
153.00 144.00
153.00 144.50
152.50 145.00
152.50 145.50
152.50 146.00
152.00 146.50
152.00 147.00
151.50 147.50
151.50 148.00
151.00 148.50
150.50 149.00
150.00 149.50
149.50 150.00
149.00 150.50
148.50 151.00
148.00 151.50
147.50 152.00
147.00 152.50
146.50 153.00
146.00 153.00
145.50 153.50
145.00 153.50
144.50 154.00
144.00 154.00
143.50 154.50
143.00 154.50
142.50 154.50
142.00 155.00
141.50 155.00
141.00 155.00
140.50 155.00
140.00 155.50
139.50 155.50
139.00 155.50
138.50 155.50
138.00 155.50
137.50 155.50
137.00 155.50
136.50 155.50
136.00 155.50
135.50 155.50
135.00 155.00
134.50 155.00
134.00 155.00
133.50 155.00
133.00 154.50
132.50 154.50
132.00 154.50
131.50 154.50
131.00 154.00
130.50 154.00
130.00 153.50
129.50 153.50
129.00 153.00
128.50 153.00
128.00 152.50
127.50 152.00
127.00 151.50
126.50 151.50
126.00 151.00
125.50 150.50
125.00 150.00
124.50 149.50
124.00 149.00
124.00 148.50
123.50 148.00
123.00 147.50
123.00 147.00
122.50 146.50
122.00 146.00
122.00 145.50
122.00 145.00
121.50 144.50
121.50 144.00
121.50 143.50
121.00 143.00
121.00 142.50
121.00 142.00
121.00 141.50
121.00 141.00
121.00 140.50
120.50 140.00
120.50 139.50
120.50 139.00
120.50 138.50
120.50 138.00
121.00 137.50
121.00 137.00
121.00 136.50
121.00 136.00
121.00 135.50
121.00 135.00
121.00 134.50
121.50 134.00
121.50 133.50
121.50 133.00
121.50 132.50
122.00 132.00
122.00 131.50
122.50 131.00
122.50 130.50
122.50 130.00
123.00 129.50
123.00 129.00
123.50 128.50
123.50 128.00
123.50 127.50
124.00 127.00
124.50 126.50
