137.50 141.50
137.00 141.50
136.50 141.50
136.00 141.50
135.50 141.50
135.00 141.50
134.50 141.50
134.00 141.50
133.50 141.00
133.00 141.00
132.50 141.00
132.00 141.00
131.50 141.00
131.00 140.50
130.50 140.50
130.00 140.00
129.50 140.00
129.00 139.50
128.50 139.50
128.00 139.00
127.50 138.50
127.00 138.00
126.50 137.50
126.00 137.00
126.00 136.50
125.50 136.00
125.00 135.50
125.00 135.00
125.00 134.50
125.00 134.00
124.50 133.50
124.50 133.00
124.50 132.50
124.50 132.00
124.50 131.50
124.50 131.00
124.50 130.50
124.50 130.00
124.50 129.50
124.50 129.00
124.50 128.50
124.50 128.00
124.50 127.50
124.50 127.00
124.50 126.50
125.00 126.00
125.00 125.50
125.00 125.00
125.00 124.50
125.00 124.00
125.50 123.50
125.50 123.00
125.50 122.50
125.50 122.00
126.00 121.50
126.00 121.00
126.50 120.50
126.50 120.00
126.50 119.50
127.00 119.00
127.00 118.50
127.50 118.00
127.50 117.50
127.50 117.00
128.00 116.50
128.50 116.00
129.00 115.50
129.00 115.00
129.50 114.50
130.00 114.00
130.50 113.50
131.00 113.00
131.50 113.00
132.00 113.00
132.50 112.50
133.00 112.50
133.50 112.00
134.00 112.00
134.50 112.00
135.00 112.00
135.50 112.00
136.00 112.00
136.50 112.00
137.00 112.50
137.50 112.50
138.00 112.50
138.50 112.50
139.00 113.00
139.50 113.00
140.00 113.50
140.50 113.50
141.00 114.00
141.50 114.00
142.00 114.50
142.50 115.00
143.00 115.00
143.50 115.50
144.00 116.00
144.50 116.50
145.00 117.00
145.50 117.50
146.00 118.00
146.00 118.50
146.00 119.00
146.50 119.50
147.00 120.00
147.00 120.50
147.00 121.00
147.50 121.50
147.50 122.00
147.50 122.50
148.00 123.00
148.00 123.50
148.00 124.00
148.00 124.50
148.00 125.00
148.50 125.50
148.50 126.00
148.50 126.50
148.50 127.00
148.50 127.50
148.50 128.00
148.50 128.50
148.50 129.00
148.50 129.50
149.00 130.00
149.00 130.50
149.00 131.00
149.00 131.50
148.50 132.00
148.50 132.50
148.50 133.00
148.50 133.50
148.50 134.00
148.50 134.50
148.00 135.00
148.00 135.50
148.00 136.00
147.50 136.50
147.00 137.00
146.50 137.50
146.50 138.00
146.00 138.50
145.50 138.50
145.00 139.00
144.50 139.50
144.00 139.50
143.50 140.00
143.00 140.00
142.50 140.50
142.00 140.50
141.50 141.00
141.00 141.00
140.50 141.00
140.00 141.00
139.50 141.50
139.00 141.50
138.50 141.50
138.00 141.50
