133.50 116.50
134.00 116.50
134.50 116.50
135.00 116.50
135.50 117.00
136.00 117.00
136.50 117.00
137.00 117.00
137.50 117.50
138.00 117.50
138.50 117.50
139.00 118.00
139.50 118.50
140.00 118.50
140.50 119.00
141.00 119.50
141.50 119.50
142.00 120.00
142.00 120.50
142.50 121.00
143.00 121.50
143.00 122.00
143.50 122.50
144.00 123.00
144.00 123.50
144.50 124.00
144.50 124.50
144.50 125.00
145.00 125.50
145.00 126.00
145.00 126.50
145.00 127.00
145.00 127.50
145.00 128.00
145.50 128.50
145.50 129.00
145.50 129.50
145.00 130.00
145.00 130.50
145.00 131.00
145.00 131.50
145.00 132.00
144.50 132.50
144.50 133.00
144.50 133.50
144.50 134.00
144.00 134.50
144.00 135.00
143.50 135.50
143.00 136.00
142.50 136.50
142.00 137.00
141.50 137.50
141.00 138.00
140.50 138.50
140.00 139.00
139.50 139.50
139.00 139.50
138.50 139.50
138.00 140.00
137.50 140.50
137.00 140.50
136.50 140.50
136.00 141.00
135.50 141.00
135.00 141.00
134.50 141.00
134.00 141.50
133.50 141.50
133.00 141.50
132.50 141.50
132.00 141.50
131.50 141.50
131.00 141.50
130.50 141.50
130.00 141.50
129.50 141.50
129.00 141.00
128.50 141.00
128.00 141.00
127.50 141.00
127.00 140.50
126.50 140.50
126.00 140.00
125.50 140.00
125.00 139.50
124.50 139.50
124.00 139.00
123.50 138.50
123.00 138.00
122.50 137.50
122.00 137.00
121.50 136.50
121.00 136.00
121.00 135.50
120.50 135.00
120.50 134.50
120.00 134.00
120.00 133.50
119.50 133.00
119.50 132.50
119.50 132.00
119.50 131.50
119.00 131.00
119.00 130.50
119.00 130.00
119.00 129.50
119.00 129.00
119.00 128.50
119.00 128.00
119.00 127.50
119.00 127.00
119.00 126.50
119.00 126.00
119.50 125.50
119.50 125.00
119.50 124.50
119.50 124.00
120.00 123.50
120.00 123.00
120.50 122.50
120.50 122.00
121.00 121.50
121.00 121.00
121.50 120.50
122.00 120.00
122.50 119.50
123.00 119.00
123.50 118.50
124.00 118.50
124.50 118.00
125.00 117.50
125.50 117.50
126.00 117.50
126.50 117.00
127.00 117.00
127.50 117.00
128.00 117.00
128.50 116.50
129.00 116.50
129.50 116.50
130.00 116.50
130.50 116.50
131.00 116.50
131.50 116.50
132.00 116.50
132.50 116.50
133.00 116.50
