131.00 132.00
130.50 132.00
130.00 132.00
129.50 132.00
129.00 132.00
128.50 132.00
128.00 132.00
127.50 132.00
127.00 132.00
126.50 131.50
126.00 131.50
125.50 131.00
125.00 131.00
124.50 130.50
124.00 130.00
123.50 129.50
123.00 129.00
122.50 128.50
122.50 128.00
122.00 127.50
121.50 127.00
121.50 126.50
121.50 126.00
121.00 125.50
121.00 125.00
121.00 124.50
121.00 124.00
121.00 123.50
121.00 123.00
121.00 122.50
121.00 122.00
121.00 121.50
121.50 121.00
121.50 120.50
121.50 120.00
122.00 119.50
122.00 119.00
122.00 118.50
122.50 118.00
123.00 117.50
123.50 117.00
124.00 116.50
124.50 116.00
125.00 116.00
125.50 116.00
126.00 115.50
126.50 115.50
127.00 115.50
127.50 115.50
128.00 115.50
128.50 115.50
129.00 115.50
129.50 115.50
130.00 115.50
130.50 115.50
131.00 115.50
131.50 116.00
132.00 116.00
132.50 116.00
133.00 116.50
133.50 116.50
134.00 117.00
134.50 117.50
135.00 118.00
135.50 118.50
136.00 119.00
136.50 119.50
137.00 120.00
137.00 120.50
137.00 121.00
137.50 121.50
137.50 122.00
137.50 122.50
137.50 123.00
137.50 123.50
137.50 124.00
137.50 124.50
137.50 125.00
137.00 125.50
137.00 126.00
137.00 126.50
136.50 127.00
136.50 127.50
136.00 128.00
136.00 128.50
135.50 129.00
135.00 129.50
134.50 130.00
134.00 130.50
133.50 131.00
133.00 131.00
132.50 131.50
132.00 131.50
131.50 132.00
