132.00 114.00
132.50 114.00
133.00 114.00
133.50 114.50
134.00 115.00
134.50 115.50
135.00 116.00
135.00 116.50
135.50 117.00
135.50 117.50
136.00 118.00
136.00 118.50
136.00 119.00
136.00 119.50
136.00 120.00
136.00 120.50
136.00 121.00
136.00 121.50
135.50 122.00
135.50 122.50
135.00 123.00
135.00 123.50
134.50 124.00
134.00 124.50
133.50 125.00
133.00 125.50
132.50 126.00
132.00 126.00
131.50 126.50
131.00 126.50
130.50 127.00
130.00 127.00
129.50 127.00
129.00 127.00
128.50 127.00
128.00 127.00
127.50 127.00
127.00 126.50
126.50 126.50
126.00 126.00
125.50 125.50
125.00 125.00
124.50 124.50
124.00 124.00
124.00 123.50
124.00 123.00
123.50 122.50
123.50 122.00
123.50 121.50
123.50 121.00
123.50 120.50
124.00 120.00
124.00 119.50
124.50 119.00
124.50 118.50
125.00 118.00
125.00 117.50
125.50 117.00
125.50 116.50
126.00 116.00
126.50 116.00
127.00 115.50
127.50 115.00
128.00 115.00
128.50 114.50
129.00 114.50
129.50 114.50
130.00 114.00
130.50 114.00
131.00 114.00
131.50 114.00
