108.50 108.00
108.50 107.50
109.00 107.00
109.00 106.50
109.00 106.00
109.50 105.50
109.50 105.00
110.00 104.50
110.00 104.00
110.50 103.50
111.00 103.00
111.00 102.50
111.50 102.00
111.50 101.50
112.00 101.00
112.50 100.50
112.50 100.00
113.00 99.50
113.50 99.00
114.00 98.50
114.50 98.00
115.00 97.50
115.50 97.00
116.00 96.50
116.50 96.00
117.00 96.00
117.50 95.50
118.00 95.50
118.50 95.50
119.00 95.00
119.50 95.00
120.00 94.50
120.50 94.50
121.00 94.50
121.50 94.00
122.00 94.00
122.50 94.00
123.00 94.00
123.50 94.00
124.00 94.00
124.50 93.50
125.00 93.50
125.50 93.50
126.00 93.50
126.50 93.50
127.00 93.50
127.50 93.50
128.00 93.50
128.50 93.50
129.00 93.50
129.50 93.50
130.00 93.50
130.50 93.50
131.00 93.50
131.50 93.50
132.00 93.50
132.50 93.50
133.00 93.50
133.50 93.50
134.00 94.00
134.50 94.00
135.00 94.00
135.50 94.00
136.00 94.00
136.50 94.00
137.00 94.50
137.50 94.50
138.00 94.50
138.50 95.00
139.00 95.00
139.50 95.00
140.00 95.50
140.50 95.50
141.00 96.00
141.50 96.00
142.00 96.50
142.50 97.00
143.00 97.50
143.50 98.00
144.00 98.50
144.50 99.00
145.00 99.50
145.00 100.00
145.50 100.50
146.00 101.00
146.00 101.50
146.50 102.00
146.50 102.50
147.00 103.00
147.00 103.50
147.00 104.00
147.50 104.50
147.50 105.00
148.00 105.50
148.00 106.00
148.00 106.50
148.50 107.00
148.50 107.50
148.50 108.00
149.00 108.50
149.00 109.00
149.00 109.50
149.00 110.00
149.00 110.50
149.00 111.00
149.50 111.50
149.50 112.00
149.50 112.50
149.50 113.00
149.50 113.50
149.50 114.00
149.50 114.50
149.50 115.00
149.50 115.50
149.50 116.00
149.50 116.50
149.50 117.00
149.50 117.50
149.50 118.00
149.50 118.50
149.50 119.00
149.50 119.50
149.50 120.00
149.50 120.50
149.50 121.00
149.00 121.50
149.00 122.00
149.00 122.50
149.00 123.00
149.00 123.50
148.50 124.00
148.50 124.50
148.50 125.00
148.50 125.50
148.00 126.00
148.00 126.50
147.50 127.00
147.50 127.50
147.00 128.00
147.00 128.50
146.50 129.00
146.00 129.50
145.50 130.00
145.00 130.50
144.50 130.50
144.00 131.00
143.50 131.50
143.00 131.50
142.50 131.50
142.00 132.00
141.50 132.00
141.00 132.00
140.50 132.50
140.00 132.50
139.50 132.50
139.00 132.50
138.50 133.00
138.00 133.00
137.50 133.00
137.00 133.00
136.50 133.00
136.00 133.00
135.50 133.00
135.00 133.50
134.50 133.50
134.00 133.50
133.50 133.50
133.00 133.50
132.50 133.50
132.00 133.50
131.50 133.50
131.00 133.50
130.50 133.50
130.00 134.00
129.50 134.00
129.00 134.00
128.50 134.00
128.00 134.00
127.50 134.00
127.00 134.00
126.50 134.00
126.00 134.00
125.50 134.00
125.00 134.00
124.50 134.00
124.00 134.00
123.50 134.00
123.00 134.00
122.50 134.00
122.00 134.00
121.50 134.00
121.00 133.50
120.50 133.50
120.00 133.50
119.50 133.50
119.00 133.50
118.50 133.00
118.00 133.00
117.50 133.00
117.00 132.50
116.50 132.50
116.00 132.00
115.50 132.00
115.00 132.00
114.50 131.50
114.00 131.00
113.50 131.00
113.00 131.00
112.50 130.50
112.00 130.00
111.50 129.50
111.00 129.00
110.50 128.50
110.00 128.00
109.50 127.50
109.00 127.00
109.00 126.50
109.00 126.00
108.50 125.50
108.50 125.00
108.00 124.50
108.00 124.00
108.00 123.50
107.50 123.00
107.50 122.50
107.50 122.00
107.50 121.50
107.50 121.00
107.00 120.50
107.00 120.00
107.00 119.50
107.00 119.00
107.00 118.50
107.00 118.00
107.00 117.50
107.00 117.00
107.00 116.50
107.00 116.00
107.00 115.50
107.00 115.00
107.00 114.50
107.00 114.00
107.00 113.50
107.50 113.00
107.50 112.50
107.50 112.00
107.50 111.50
107.50 111.00
108.00 110.50
108.00 110.00
108.00 109.50
108.00 109.00
108.50 108.50
