114.00 102.50
114.50 102.00
115.00 101.50
115.50 101.00
116.00 100.50
116.50 100.00
117.00 99.50
117.50 99.00
118.00 98.50
118.50 98.00
119.00 97.50
119.50 97.00
120.00 97.00
120.50 96.50
121.00 96.00
121.50 95.50
122.00 95.50
122.50 95.00
123.00 95.00
123.50 94.50
124.00 94.50
124.50 94.00
125.00 94.00
125.50 94.00
126.00 93.50
126.50 93.50
127.00 93.50
127.50 93.50
128.00 93.50
128.50 93.00
129.00 93.00
129.50 93.00
130.00 93.00
130.50 93.00
131.00 93.00
131.50 93.00
132.00 93.00
132.50 93.50
133.00 93.50
133.50 93.50
134.00 93.50
134.50 93.50
135.00 94.00
135.50 94.00
136.00 94.50
136.50 94.50
137.00 94.50
137.50 95.00
138.00 95.00
138.50 95.50
139.00 96.00
139.50 96.00
140.00 96.50
140.50 96.50
141.00 97.00
141.50 97.50
142.00 98.00
142.00 98.50
142.50 99.00
143.00 99.50
143.50 100.00
144.00 100.50
144.50 101.00
144.50 101.50
145.00 102.00
145.50 102.50
145.50 103.00
146.00 103.50
146.00 104.00
146.50 104.50
146.50 105.00
147.00 105.50
147.00 106.00
147.00 106.50
147.50 107.00
147.50 107.50
148.00 108.00
148.00 108.50
148.00 109.00
148.50 109.50
148.50 110.00
148.50 110.50
148.50 111.00
148.50 111.50
149.00 112.00
149.00 112.50
149.00 113.00
149.00 113.50
149.00 114.00
149.00 114.50
149.00 115.00
149.00 115.50
149.50 116.00
149.50 116.50
149.50 117.00
149.50 117.50
149.50 118.00
149.50 118.50
149.50 119.00
149.00 119.50
149.00 120.00
149.00 120.50
149.00 121.00
149.00 121.50
149.00 122.00
148.50 122.50
148.50 123.00
148.50 123.50
148.50 124.00
148.00 124.50
147.50 125.00
147.50 125.50
147.00 126.00
146.50 126.50
146.50 127.00
146.50 127.50
146.00 128.00
145.50 128.50
145.00 128.50
144.50 129.00
144.00 129.50
143.50 130.00
143.00 130.50
142.50 131.00
142.00 131.50
141.50 131.50
141.00 132.00
140.50 132.50
140.00 132.50
139.50 132.50
139.00 133.00
138.50 133.50
138.00 133.50
137.50 133.50
137.00 134.00
136.50 134.00
136.00 134.00
135.50 134.50
135.00 134.50
134.50 134.50
134.00 135.00
133.50 135.00
133.00 135.00
132.50 135.00
132.00 135.00
131.50 135.50
131.00 135.50
130.50 135.50
130.00 135.50
129.50 135.50
129.00 135.50
128.50 135.50
128.00 135.50
127.50 135.50
127.00 136.00
126.50 136.00
126.00 136.00
125.50 136.00
125.00 136.00
124.50 135.50
124.00 135.50
123.50 135.50
123.00 135.50
122.50 135.50
122.00 135.50
121.50 135.00
121.00 135.00
120.50 135.00
120.00 134.50
119.50 134.00
119.00 134.00
118.50 134.00
118.00 133.50
117.50 133.00
117.00 132.50
116.50 132.00
116.00 131.50
115.50 131.00
115.00 130.50
114.50 130.00
114.50 129.50
114.00 129.00
113.50 128.50
113.00 128.00
112.50 127.50
112.00 127.00
112.00 126.50
111.50 126.00
111.00 125.50
111.00 125.00
110.50 124.50
110.50 124.00
110.00 123.50
109.50 123.00
109.50 122.50
109.00 122.00
109.00 121.50
109.00 121.00
108.50 120.50
108.50 120.00
108.50 119.50
108.00 119.00
108.00 118.50
108.00 118.00
108.00 117.50
107.50 117.00
107.50 116.50
107.50 116.00
107.50 115.50
107.50 115.00
107.50 114.50
107.50 114.00
107.50 113.50
107.50 113.00
108.00 112.50
108.00 112.00
108.00 111.50
108.00 111.00
108.50 110.50
108.50 110.00
108.50 109.50
109.00 109.00
109.00 108.50
109.50 108.00
110.00 107.50
110.00 107.00
110.50 106.50
111.00 106.00
111.00 105.50
111.50 105.00
112.00 104.50
112.50 104.00
113.00 103.50
113.50 103.00
