136.00 103.50
136.50 103.50
137.00 103.50
137.50 104.00
138.00 104.00
138.50 104.00
139.00 104.00
139.50 104.00
140.00 104.50
140.50 104.50
141.00 104.50
141.50 105.00
142.00 105.00
142.50 105.00
143.00 105.50
143.50 105.50
144.00 106.00
144.50 106.50
145.00 106.50
145.50 107.00
146.00 107.00
146.50 107.50
147.00 108.00
147.50 108.50
148.00 109.00
148.50 109.50
149.00 110.00
149.50 110.50
149.50 111.00
150.00 111.50
150.50 112.00
150.50 112.50
151.00 113.00
151.00 113.50
151.50 114.00
151.50 114.50
152.00 115.00
152.00 115.50
152.50 116.00
153.00 116.50
153.00 117.00
153.50 117.50
153.50 118.00
153.50 118.50
154.00 119.00
154.00 119.50
154.00 120.00
154.50 120.50
154.50 121.00
154.50 121.50
154.50 122.00
154.50 122.50
155.00 123.00
155.00 123.50
155.00 124.00
155.00 124.50
155.00 125.00
155.00 125.50
155.00 126.00
155.00 126.50
155.00 127.00
155.00 127.50
155.00 128.00
154.50 128.50
154.50 129.00
154.50 129.50
154.50 130.00
154.50 130.50
154.00 131.00
154.00 131.50
154.00 132.00
154.00 132.50
153.50 133.00
153.50 133.50
153.00 134.00
152.50 134.50
152.50 135.00
152.00 135.50
152.00 136.00
151.50 136.50
151.00 137.00
151.00 137.50
150.50 138.00
150.00 138.50
149.50 139.00
149.00 139.50
148.50 140.00
148.00 140.50
147.50 141.00
147.00 141.50
146.50 141.50
146.00 142.00
145.50 142.50
145.00 142.50
144.50 143.00
144.00 143.50
143.50 143.50
143.00 144.00
142.50 144.00
142.00 144.00
141.50 144.00
141.00 144.50
140.50 144.50
140.00 145.00
139.50 145.00
139.00 145.00
138.50 145.00
138.00 145.00
137.50 145.50
137.00 145.50
136.50 145.50
136.00 145.50
135.50 145.50
135.00 145.50
134.50 145.50
134.00 145.50
133.50 145.50
133.00 145.50
132.50 145.50
132.00 145.50
131.50 145.50
131.00 145.50
130.50 145.50
130.00 145.50
129.50 145.50
129.00 145.50
128.50 145.00
128.00 145.00
127.50 145.00
127.00 145.00
126.50 145.00
126.00 145.00
125.50 144.50
125.00 144.50
124.50 144.50
124.00 144.50
123.50 144.00
123.00 144.00
122.50 144.00
122.00 143.50
121.50 143.50
121.00 143.50
120.50 143.00
120.00 143.00
119.50 143.00
119.00 142.50
118.50 142.50
118.00 142.50
117.50 142.00
117.00 142.00
116.50 141.50
116.00 141.00
115.50 141.00
115.00 140.50
114.50 140.50
114.00 140.00
113.50 140.00
113.00 139.50
112.50 139.00
112.00 138.50
111.50 138.00
111.00 137.50
110.50 137.00
110.00 136.50
109.50 136.00
109.50 135.50
109.00 135.00
108.50 134.50
108.50 134.00
108.50 133.50
108.00 133.00
108.00 132.50
108.00 132.00
107.50 131.50
107.50 131.00
107.50 130.50
107.50 130.00
107.50 129.50
107.50 129.00
107.00 128.50
107.00 128.00
107.00 127.50
107.00 127.00
107.00 126.50
107.00 126.00
107.50 125.50
107.50 125.00
107.50 124.50
107.50 124.00
107.50 123.50
107.50 123.00
107.50 122.50
107.50 122.00
107.50 121.50
108.00 121.00
108.00 120.50
108.00 120.00
108.50 119.50
108.50 119.00
109.00 118.50
109.00 118.00
109.00 117.50
109.50 117.00
109.50 116.50
109.50 116.00
110.00 115.50
110.00 115.00
110.50 114.50
110.50 114.00
111.00 113.50
111.00 113.00
111.50 112.50
112.00 112.00
112.00 111.50
112.50 111.00
113.00 110.50
113.50 110.00
114.00 109.50
114.50 109.00
115.00 108.50
115.50 108.50
116.00 108.00
116.50 107.50
117.00 107.50
117.50 107.00
118.00 107.00
118.50 106.50
119.00 106.00
119.50 106.00
120.00 106.00
120.50 105.50
121.00 105.50
121.50 105.50
122.00 105.00
122.50 105.00
123.00 105.00
123.50 105.00
124.00 104.50
124.50 104.50
125.00 104.50
125.50 104.50
126.00 104.00
126.50 104.00
127.00 104.00
127.50 104.00
128.00 104.00
128.50 104.00
129.00 104.00
129.50 104.00
130.00 104.00
130.50 103.50
131.00 103.50
131.50 103.50
132.00 103.50
132.50 103.50
133.00 103.50
133.50 103.50
134.00 103.50
134.50 103.50
135.00 103.50
135.50 103.50
