148.00 123.50
148.00 124.00
148.00 124.50
148.00 125.00
148.00 125.50
148.00 126.00
148.00 126.50
147.50 127.00
147.50 127.50
147.50 128.00
147.50 128.50
147.50 129.00
147.50 129.50
147.50 130.00
147.50 130.50
147.00 131.00
147.00 131.50
147.00 132.00
147.00 132.50
147.00 133.00
146.50 133.50
146.50 134.00
146.00 134.50
146.00 135.00
146.00 135.50
145.50 136.00
145.00 136.50
145.00 137.00
144.50 137.50
144.00 138.00
143.50 138.50
143.00 139.00
142.50 139.00
142.00 139.50
141.50 139.50
141.00 139.50
140.50 140.00
140.00 140.00
139.50 140.00
139.00 140.00
138.50 140.00
138.00 140.50
137.50 140.50
137.00 140.50
136.50 140.50
136.00 140.50
135.50 140.50
135.00 140.50
134.50 140.50
134.00 140.50
133.50 140.50
133.00 140.50
132.50 140.50
132.00 140.50
131.50 140.50
131.00 140.50
130.50 140.50
130.00 140.50
129.50 140.50
129.00 140.50
128.50 140.50
128.00 140.50
127.50 140.50
127.00 140.50
126.50 140.00
126.00 140.00
125.50 140.00
125.00 140.00
124.50 140.00
124.00 139.50
123.50 139.50
123.00 139.50
122.50 139.00
122.00 139.00
121.50 138.50
121.00 138.50
120.50 138.00
120.00 138.00
119.50 137.50
119.00 137.00
118.50 137.00
118.00 136.50
117.50 136.00
117.00 135.50
116.50 135.00
116.00 134.50
115.50 134.00
115.00 133.50
115.00 133.00
114.50 132.50
114.50 132.00
114.00 131.50
114.00 131.00
113.50 130.50
113.50 130.00
113.00 129.50
113.00 129.00
113.00 128.50
113.00 128.00
113.00 127.50
113.00 127.00
113.00 126.50
113.00 126.00
113.00 125.50
113.00 125.00
113.00 124.50
113.00 124.00
113.00 123.50
113.00 123.00
113.00 122.50
113.00 122.00
113.50 121.50
113.50 121.00
113.50 120.50
113.50 120.00
114.00 119.50
114.00 119.00
114.50 118.50
114.50 118.00
115.00 117.50
115.00 117.00
115.00 116.50
115.50 116.00
115.50 115.50
116.00 115.00
116.50 114.50
116.50 114.00
117.00 113.50
117.50 113.00
117.50 112.50
118.00 112.00
118.50 111.50
119.00 111.00
119.50 110.50
120.00 110.00
120.50 109.50
121.00 109.00
121.50 108.50
122.00 108.00
122.50 108.00
123.00 107.50
123.50 107.00
124.00 107.00
124.50 106.50
125.00 106.50
125.50 106.00
126.00 106.00
126.50 106.00
127.00 105.50
127.50 105.50
128.00 105.50
128.50 105.00
129.00 105.00
129.50 105.00
130.00 105.00
130.50 105.00
131.00 105.00
131.50 105.00
132.00 105.00
132.50 105.00
133.00 105.00
133.50 105.50
134.00 105.50
134.50 105.50
135.00 105.50
135.50 106.00
136.00 106.00
136.50 106.50
137.00 106.50
137.50 107.00
138.00 107.00
138.50 107.50
139.00 108.00
139.50 108.50
140.00 108.50
140.50 109.00
141.00 109.50
141.50 110.00
142.00 110.50
142.50 111.00
143.00 111.50
143.00 112.00
143.50 112.50
144.00 113.00
144.00 113.50
144.50 114.00
145.00 114.50
145.00 115.00
145.00 115.50
145.50 116.00
145.50 116.50
146.00 117.00
146.00 117.50
146.00 118.00
146.50 118.50
146.50 119.00
146.50 119.50
146.50 120.00
146.50 120.50
147.00 121.00
147.00 121.50
147.00 122.00
147.00 122.50
147.50 123.00
