155.50 119.00
155.50 119.50
155.50 120.00
155.50 120.50
155.00 121.00
155.00 121.50
155.00 122.00
155.00 122.50
154.50 123.00
154.50 123.50
154.50 124.00
154.50 124.50
154.00 125.00
153.50 125.50
153.50 126.00
153.50 126.50
153.00 127.00
153.00 127.50
152.50 128.00
152.00 128.50
151.50 129.00
151.50 129.50
151.00 130.00
150.50 130.00
150.00 130.50
149.50 131.00
149.00 131.50
148.50 132.00
148.00 132.50
147.50 132.50
147.00 133.00
146.50 133.00
146.00 133.50
145.50 134.00
145.00 134.00
144.50 134.00
144.00 134.50
143.50 134.50
143.00 135.00
142.50 135.00
142.00 135.00
141.50 135.00
141.00 135.50
140.50 135.50
140.00 135.50
139.50 135.50
139.00 135.50
138.50 135.50
138.00 135.50
137.50 135.50
137.00 135.50
136.50 135.50
136.00 135.50
135.50 135.50
135.00 135.50
134.50 135.50
134.00 135.50
133.50 135.50
133.00 135.00
132.50 135.00
132.00 135.00
131.50 135.00
131.00 134.50
130.50 134.50
130.00 134.50
129.50 134.00
129.00 133.50
128.50 133.50
128.00 133.00
127.50 132.50
127.00 132.00
126.50 131.50
126.00 131.50
125.50 131.00
125.00 130.50
124.50 130.00
124.00 129.50
124.00 129.00
123.50 128.50
123.00 128.00
122.50 127.50
122.00 127.00
122.00 126.50
121.50 126.00
121.00 125.50
121.00 125.00
120.50 124.50
120.00 124.00
120.00 123.50
119.50 123.00
119.50 122.50
119.00 122.00
119.00 121.50
118.50 121.00
118.00 120.50
118.00 120.00
118.00 119.50
117.50 119.00
117.50 118.50
117.50 118.00
117.00 117.50
117.00 117.00
117.00 116.50
116.50 116.00
116.50 115.50
116.50 115.00
116.50 114.50
116.50 114.00
116.50 113.50
116.50 113.00
116.50 112.50
116.50 112.00
116.50 111.50
116.50 111.00
116.50 110.50
116.50 110.00
116.50 109.50
117.00 109.00
117.00 108.50
117.50 108.00
117.50 107.50
117.50 107.00
118.00 106.50
118.00 106.00
118.50 105.50
119.00 105.00
119.50 104.50
120.00 104.00
120.00 103.50
120.50 103.00
121.00 103.00
121.50 102.50
122.00 102.00
122.50 101.50
123.00 101.00
123.50 101.00
124.00 100.50
124.50 100.50
125.00 100.00
125.50 100.00
126.00 100.00
126.50 99.50
127.00 99.50
127.50 99.50
128.00 99.50
128.50 99.50
129.00 99.50
129.50 99.00
130.00 99.00
130.50 99.00
131.00 99.00
131.50 99.00
132.00 99.00
132.50 99.00
133.00 99.00
133.50 99.00
134.00 99.00
134.50 99.00
135.00 99.00
135.50 99.00
136.00 99.00
136.50 99.00
137.00 99.00
137.50 99.00
138.00 99.00
138.50 99.00
139.00 99.00
139.50 99.50
140.00 99.50
140.50 99.50
141.00 99.50
141.50 99.50
142.00 99.50
142.50 100.00
143.00 100.00
143.50 100.00
144.00 100.50
144.50 100.50
145.00 101.00
145.50 101.00
146.00 101.00
146.50 101.50
147.00 102.00
147.50 102.00
148.00 102.50
148.50 103.00
149.00 103.00
149.50 103.50
150.00 104.00
150.00 104.50
150.50 105.00
151.00 105.50
151.50 106.00
151.50 106.50
152.00 107.00
152.50 107.50
152.50 108.00
153.00 108.50
153.50 109.00
153.50 109.50
153.50 110.00
154.00 110.50
154.00 111.00
154.50 111.50
154.50 112.00
155.00 112.50
155.00 113.00
155.00 113.50
155.00 114.00
155.00 114.50
155.50 115.00
155.50 115.50
155.50 116.00
155.50 116.50
155.50 117.00
155.50 117.50
155.50 118.00
155.50 118.50
