134.50 138.00
134.00 137.50
133.50 137.00
133.00 136.50
132.50 136.00
132.00 135.50
132.00 135.00
131.50 134.50
131.00 134.00
130.50 133.50
130.00 133.00
129.50 132.50
129.00 132.00
128.50 131.50
128.00 131.00
127.50 130.50
127.00 130.00
127.00 129.50
126.50 129.00
126.50 128.50
126.00 128.00
125.50 127.50
125.00 127.00
124.50 126.50
124.00 126.00
123.50 125.50
123.00 125.00
122.50 124.50
122.00 124.00
121.50 123.50
121.50 123.00
121.00 122.50
120.50 122.00
120.00 121.50
119.50 121.00
119.00 120.50
118.50 120.50
118.00 120.50
117.50 120.00
117.50 119.50
117.50 119.00
117.50 118.50
117.50 118.00
117.50 117.50
117.50 117.00
117.50 116.50
118.00 116.00
118.00 115.50
118.00 115.00
118.00 114.50
118.50 114.00
118.50 113.50
118.50 113.00
119.00 112.50
119.00 112.00
119.50 111.50
120.00 111.00
120.00 110.50
120.50 110.00
121.00 109.50
121.00 109.00
121.50 108.50
122.00 108.00
122.50 107.50
123.00 107.00
123.50 106.50
124.00 106.00
124.50 106.00
125.00 105.50
125.50 105.50
126.00 105.00
126.50 105.00
127.00 104.50
127.50 104.50
128.00 104.50
128.50 104.00
129.00 104.00
129.50 104.00
130.00 104.00
130.50 104.00
131.00 103.50
131.50 103.50
132.00 103.50
132.50 103.50
133.00 103.50
133.50 103.50
134.00 104.00
134.50 104.00
135.00 104.00
135.50 104.00
136.00 104.00
136.50 104.00
137.00 104.50
137.50 104.50
138.00 104.50
138.50 105.00
139.00 105.00
139.50 105.50
140.00 105.50
140.50 106.00
141.00 106.00
141.50 106.50
142.00 106.50
142.50 107.00
143.00 107.50
143.50 107.50
144.00 108.00
144.50 108.50
145.00 109.00
145.00 109.50
145.50 110.00
146.00 110.00
146.50 110.50
146.50 111.00
147.00 111.50
147.50 112.00
147.50 112.50
148.00 113.00
148.50 113.50
148.50 114.00
148.50 114.50
149.00 115.00
149.00 115.50
149.00 116.00
149.50 116.50
149.50 117.00
149.50 117.50
150.00 118.00
150.00 118.50
150.00 119.00
150.00 119.50
150.00 120.00
150.00 120.50
150.00 121.00
150.00 121.50
150.00 122.00
150.00 122.50
150.00 123.00
150.00 123.50
150.00 124.00
150.00 124.50
150.00 125.00
149.50 125.50
149.50 126.00
149.50 126.50
149.00 127.00
149.00 127.50
149.00 128.00
148.50 128.50
148.50 129.00
148.00 129.50
147.50 130.00
147.50 130.50
147.50 131.00
147.00 131.50
146.50 132.00
146.00 132.50
146.00 133.00
145.50 133.50
145.00 134.00
144.50 134.50
144.00 134.50
143.50 135.00
143.00 135.50
142.50 136.00
142.00 136.00
141.50 136.50
141.00 137.00
140.50 137.00
140.00 137.50
139.50 137.50
139.00 137.50
138.50 137.50
138.00 138.00
137.50 138.00
137.00 138.00
136.50 138.00
136.00 138.00
135.50 138.00
135.00 138.00
