124.00 114.50
124.00 114.00
124.50 113.50
124.50 113.00
124.50 112.50
125.00 112.00
125.00 111.50
125.00 111.00
125.50 110.50
126.00 110.00
126.00 109.50
126.50 109.00
127.00 108.50
127.50 108.00
128.00 107.50
128.50 107.50
129.00 107.00
129.50 107.00
130.00 107.00
130.50 106.50
131.00 106.50
131.50 106.50
132.00 106.50
132.50 106.50
133.00 106.50
133.50 106.50
134.00 106.50
134.50 106.50
135.00 106.50
135.50 106.50
136.00 106.50
136.50 106.50
137.00 107.00
137.50 107.00
138.00 107.00
138.50 107.00
139.00 107.50
139.50 107.50
140.00 107.50
140.50 107.50
141.00 108.00
141.50 108.00
142.00 108.50
142.50 108.50
143.00 109.00
143.50 109.00
144.00 109.50
144.50 110.00
145.00 110.00
145.50 110.50
146.00 111.00
146.50 111.50
146.50 112.00
147.00 112.50
147.50 113.00
148.00 113.50
148.00 114.00
148.50 114.50
148.50 115.00
148.50 115.50
148.50 116.00
148.50 116.50
148.50 117.00
148.50 117.50
148.50 118.00
148.50 118.50
148.50 119.00
148.50 119.50
148.00 120.00
148.00 120.50
148.00 121.00
147.50 121.50
147.00 122.00
147.00 122.50
146.50 123.00
146.50 123.50
146.00 124.00
145.50 124.50
145.00 124.50
144.50 125.00
144.00 125.50
143.50 125.50
143.00 126.00
142.50 126.00
142.00 126.50
141.50 127.00
141.00 127.00
140.50 127.00
140.00 127.50
139.50 127.50
139.00 127.50
138.50 127.50
138.00 128.00
137.50 128.00
137.00 128.00
136.50 128.00
136.00 128.00
135.50 128.00
135.00 128.00
134.50 128.00
134.00 128.00
133.50 128.00
133.00 128.00
132.50 128.00
132.00 127.50
131.50 127.50
131.00 127.50
130.50 127.50
130.00 127.50
129.50 127.00
129.00 127.00
128.50 126.50
128.00 126.00
127.50 126.00
127.00 125.50
126.50 125.50
126.00 125.00
125.50 124.50
125.00 124.00
124.50 123.50
124.00 123.00
124.00 122.50
124.00 122.00
123.50 121.50
123.50 121.00
123.50 120.50
123.50 120.00
123.50 119.50
123.50 119.00
123.50 118.50
123.50 118.00
124.00 117.50
124.50 117.00
124.50 116.50
124.50 116.00
124.50 115.50
124.50 115.00
