135.00 141.50
134.50 141.50
134.00 141.50
133.50 142.00
133.00 142.00
132.50 142.00
132.00 142.00
131.50 142.00
131.00 142.00
130.50 142.00
130.00 141.50
129.50 141.50
129.00 141.50
128.50 141.50
128.00 141.00
127.50 141.00
127.00 141.00
126.50 140.50
126.00 140.50
125.50 140.00
125.00 139.50
124.50 139.00
124.00 139.00
123.50 138.50
123.00 138.00
122.50 137.50
122.00 137.00
122.00 136.50
121.50 136.00
121.00 135.50
121.00 135.00
120.50 134.50
120.50 134.00
120.50 133.50
120.00 133.00
120.00 132.50
120.00 132.00
119.50 131.50
119.50 131.00
119.50 130.50
119.50 130.00
119.50 129.50
119.50 129.00
119.50 128.50
119.50 128.00
119.50 127.50
119.50 127.00
119.50 126.50
119.50 126.00
119.50 125.50
119.50 125.00
120.00 124.50
120.00 124.00
120.00 123.50
120.00 123.00
120.50 122.50
120.50 122.00
120.50 121.50
121.00 121.00
121.50 120.50
121.50 120.00
122.00 119.50
122.00 119.00
122.50 118.50
123.00 118.00
123.50 117.50
124.00 117.00
124.50 116.50
125.00 116.00
125.50 116.00
126.00 115.50
126.50 115.50
127.00 115.50
127.50 115.50
128.00 115.50
128.50 115.50
129.00 115.50
129.50 116.00
130.00 116.00
130.50 116.00
131.00 116.50
131.50 116.50
132.00 117.00
132.50 117.00
133.00 117.50
133.50 118.00
134.00 118.50
134.50 119.00
135.00 119.50
135.50 120.00
136.00 120.50
136.50 121.00
137.00 121.50
137.50 122.00
138.00 122.50
138.00 123.00
138.50 123.50
138.50 124.00
139.00 124.50
139.00 125.00
139.50 125.50
139.50 126.00
140.00 126.50
140.50 127.00
140.50 127.50
141.00 128.00
141.00 128.50
141.00 129.00
141.50 129.50
141.50 130.00
141.50 130.50
142.00 131.00
142.00 131.50
142.00 132.00
142.00 132.50
142.00 133.00
142.00 133.50
142.00 134.00
142.00 134.50
142.00 135.00
142.00 135.50
142.00 136.00
141.50 136.50
141.50 137.00
141.00 137.50
140.50 138.00
140.50 138.50
140.00 139.00
139.50 139.00
139.00 139.50
138.50 140.00
138.00 140.50
137.50 140.50
137.00 141.00
136.50 141.00
136.00 141.00
135.50 141.50
