120.00 151.00
119.50 150.50
119.00 150.00
119.00 149.50
118.50 149.00
118.50 148.50
118.00 148.00
118.00 147.50
117.50 147.00
117.00 146.50
117.00 146.00
116.50 145.50
116.50 145.00
116.50 144.50
116.00 144.00
116.00 143.50
116.00 143.00
115.50 142.50
115.50 142.00
115.50 141.50
115.50 141.00
115.50 140.50
115.00 140.00
115.00 139.50
115.00 139.00
115.00 138.50
115.00 138.00
115.00 137.50
115.00 137.00
115.00 136.50
115.00 136.00
115.00 135.50
115.00 135.00
115.00 134.50
115.50 134.00
115.50 133.50
115.50 133.00
116.00 132.50
116.00 132.00
116.50 131.50
116.50 131.00
117.00 130.50
117.50 130.00
118.00 129.50
118.00 129.00
118.50 128.50
119.00 128.00
119.50 128.00
120.00 127.50
120.50 127.00
121.00 127.00
121.50 126.50
122.00 126.50
122.50 126.00
123.00 126.00
123.50 125.50
124.00 125.50
124.50 125.50
125.00 125.50
125.50 125.00
126.00 125.00
126.50 125.00
127.00 125.00
127.50 125.00
128.00 125.00
128.50 125.00
129.00 125.00
129.50 125.00
130.00 125.00
130.50 125.00
131.00 125.00
131.50 125.50
132.00 125.50
132.50 125.50
133.00 126.00
133.50 126.00
134.00 126.00
134.50 126.50
135.00 126.50
135.50 126.50
136.00 127.00
136.50 127.50
137.00 127.50
137.50 128.00
138.00 128.00
138.50 128.50
139.00 129.00
139.50 129.50
140.00 129.50
140.50 130.00
141.00 130.50
141.50 131.00
142.00 131.50
142.50 132.00
143.00 132.50
143.00 133.00
143.50 133.50
144.00 134.00
144.50 134.50
145.00 135.00
145.50 135.50
145.50 136.00
146.00 136.50
146.00 137.00
146.00 137.50
146.50 138.00
146.50 138.50
147.00 139.00
147.00 139.50
147.00 140.00
147.00 140.50
147.50 141.00
147.50 141.50
147.50 142.00
147.50 142.50
147.50 143.00
147.50 143.50
147.50 144.00
147.50 144.50
147.50 145.00
147.50 145.50
147.50 146.00
147.50 146.50
147.50 147.00
147.00 147.50
147.00 148.00
147.00 148.50
147.00 149.00
146.50 149.50
146.50 150.00
146.50 150.50
146.00 151.00
145.50 151.50
145.50 152.00
145.00 152.50
144.50 153.00
144.50 153.50
144.00 154.00
143.50 154.50
143.00 155.00
142.50 155.50
142.00 155.50
141.50 156.00
141.00 156.50
140.50 157.00
140.00 157.00
139.50 157.50
139.00 158.00
138.50 158.00
138.00 158.00
137.50 158.50
137.00 158.50
136.50 158.50
136.00 158.50
135.50 159.00
135.00 159.00
134.50 159.00
134.00 159.00
133.50 159.00
133.00 159.00
132.50 159.00
132.00 159.00
131.50 159.00
131.00 159.00
130.50 158.50
130.00 158.50
129.50 158.50
129.00 158.00
128.50 158.00
128.00 158.00
127.50 157.50
127.00 157.50
126.50 157.00
126.00 156.50
125.50 156.50
125.00 156.00
124.50 155.50
124.00 155.00
123.50 154.50
123.00 154.50
122.50 154.00
122.00 153.50
121.50 153.00
121.00 152.50
120.50 152.00
120.50 151.50
