140.50 139.00
140.00 139.00
139.50 138.50
139.00 138.50
138.50 138.50
138.00 138.00
137.50 138.00
137.00 137.50
136.50 137.50
136.00 137.50
135.50 137.00
135.00 136.50
134.50 136.50
134.00 136.00
133.50 135.50
133.00 135.00
132.50 134.50
132.50 134.00
132.00 133.50
132.00 133.00
131.50 132.50
131.50 132.00
131.50 131.50
131.50 131.00
131.50 130.50
131.00 130.00
131.00 129.50
131.00 129.00
131.00 128.50
131.00 128.00
131.50 127.50
131.50 127.00
131.50 126.50
131.50 126.00
132.00 125.50
132.00 125.00
132.00 124.50
132.50 124.00
133.00 123.50
133.00 123.00
133.50 122.50
134.00 122.00
134.50 122.00
135.00 121.50
135.50 121.00
136.00 121.00
136.50 120.50
137.00 120.50
137.50 120.50
138.00 120.00
138.50 120.00
139.00 119.50
139.50 119.50
140.00 119.50
140.50 119.00
141.00 119.00
141.50 119.00
142.00 119.00
142.50 119.00
143.00 119.00
143.50 119.00
144.00 119.00
144.50 119.00
145.00 119.00
145.50 119.50
146.00 119.50
146.50 120.00
147.00 120.00
147.50 120.50
148.00 121.00
148.50 121.50
149.00 122.00
149.50 122.50
150.00 123.00
150.50 123.50
151.00 124.00
151.50 124.50
152.00 125.00
152.50 125.50
152.50 126.00
153.00 126.50
153.00 127.00
153.50 127.50
153.50 128.00
153.50 128.50
153.50 129.00
153.50 129.50
153.50 130.00
153.50 130.50
153.50 131.00
153.00 131.50
153.00 132.00
153.00 132.50
153.00 133.00
152.50 133.50
152.50 134.00
152.00 134.50
151.50 135.00
151.00 135.50
150.50 136.00
150.00 136.50
149.50 137.00
149.00 137.00
148.50 137.50
148.00 137.50
147.50 138.00
147.00 138.00
146.50 138.00
146.00 138.50
145.50 138.50
145.00 139.00
144.50 139.00
144.00 139.00
143.50 139.00
143.00 139.00
142.50 139.00
142.00 139.00
141.50 139.00
141.00 139.00
