128.00 96.00
128.50 96.00
129.00 96.00
129.50 96.00
130.00 96.00
130.50 96.00
131.00 96.00
131.50 96.00
132.00 96.00
132.50 96.00
133.00 96.00
133.50 96.00
134.00 96.00
134.50 96.00
135.00 96.00
135.50 96.50
136.00 96.50
136.50 96.50
137.00 96.50
137.50 97.00
138.00 97.00
138.50 97.50
139.00 97.50
139.50 98.00
140.00 98.00
140.50 98.50
141.00 99.00
141.50 99.00
142.00 99.50
142.50 100.00
143.00 100.50
143.50 101.00
144.00 101.50
144.50 102.00
145.00 102.50
145.00 103.00
145.50 103.50
146.00 104.00
146.00 104.50
146.50 105.00
146.50 105.50
147.00 106.00
147.00 106.50
147.50 107.00
147.50 107.50
147.50 108.00
148.00 108.50
148.00 109.00
148.00 109.50
148.50 110.00
148.50 110.50
148.50 111.00
148.50 111.50
149.00 112.00
149.00 112.50
149.00 113.00
149.00 113.50
149.00 114.00
149.50 114.50
149.50 115.00
149.50 115.50
149.50 116.00
149.50 116.50
149.50 117.00
150.00 117.50
150.00 118.00
150.00 118.50
150.00 119.00
150.00 119.50
150.00 120.00
150.00 120.50
150.00 121.00
150.00 121.50
150.00 122.00
150.00 122.50
150.00 123.00
150.00 123.50
149.50 124.00
149.50 124.50
149.50 125.00
149.50 125.50
149.00 126.00
149.00 126.50
149.00 127.00
149.00 127.50
148.50 128.00
148.50 128.50
148.00 129.00
148.00 129.50
147.50 130.00
147.00 130.50
147.00 131.00
146.50 131.50
146.00 132.00
145.50 132.50
145.00 133.00
144.50 133.50
144.00 133.50
143.50 134.00
143.00 134.00
142.50 134.50
142.00 134.50
141.50 135.00
141.00 135.00
140.50 135.00
140.00 135.00
139.50 135.50
139.00 135.50
138.50 135.50
138.00 136.00
137.50 136.00
137.00 136.00
136.50 136.00
136.00 136.00
135.50 136.50
135.00 136.50
134.50 136.50
134.00 137.00
133.50 137.00
133.00 137.00
132.50 137.00
132.00 137.50
131.50 137.50
131.00 137.50
130.50 137.50
130.00 138.00
129.50 138.00
129.00 138.00
128.50 138.00
128.00 138.00
127.50 138.00
127.00 138.00
126.50 138.00
126.00 138.00
125.50 138.00
125.00 138.00
124.50 138.00
124.00 138.00
123.50 138.00
123.00 138.00
122.50 137.50
122.00 137.50
121.50 137.50
121.00 137.00
120.50 137.00
120.00 136.50
119.50 136.50
119.00 136.00
118.50 135.50
118.00 135.50
117.50 135.00
117.00 134.50
116.50 134.00
116.00 133.50
115.50 133.00
115.00 132.50
114.50 132.00
114.00 131.50
114.00 131.00
113.50 130.50
113.50 130.00
113.00 129.50
112.50 129.00
112.50 128.50
112.50 128.00
112.00 127.50
112.00 127.00
111.50 126.50
111.50 126.00
111.50 125.50
111.00 125.00
111.00 124.50
111.00 124.00
111.00 123.50
111.00 123.00
111.00 122.50
110.50 122.00
110.50 121.50
110.50 121.00
110.50 120.50
110.50 120.00
110.50 119.50
110.50 119.00
110.50 118.50
110.50 118.00
110.50 117.50
110.50 117.00
110.50 116.50
110.50 116.00
110.50 115.50
110.50 115.00
110.50 114.50
110.50 114.00
110.50 113.50
110.50 113.00
110.50 112.50
110.50 112.00
110.50 111.50
111.00 111.00
111.00 110.50
111.00 110.00
111.00 109.50
111.50 109.00
111.50 108.50
112.00 108.00
112.00 107.50
112.50 107.00
112.50 106.50
113.00 106.00
113.50 105.50
114.00 105.00
114.50 104.50
115.00 104.00
115.50 103.50
115.50 103.00
116.00 102.50
116.50 102.00
117.00 101.50
117.00 101.00
117.50 100.50
118.00 100.00
118.50 99.50
118.50 99.00
119.00 98.50
119.50 98.00
120.00 97.50
120.50 97.50
121.00 97.00
121.50 96.50
122.00 96.50
122.50 96.00
123.00 96.00
123.50 96.00
124.00 96.00
124.50 95.50
125.00 95.50
125.50 95.50
126.00 95.50
126.50 95.50
127.00 95.50
127.50 95.50
