129.00 140.00
128.50 140.00
128.00 140.00
127.50 140.00
127.00 140.00
126.50 140.00
126.00 139.50
125.50 139.50
125.00 139.50
124.50 139.00
124.00 138.50
123.50 138.50
123.00 138.00
122.50 138.00
122.00 137.50
121.50 137.00
121.50 136.50
121.00 136.00
120.50 135.50
120.00 135.00
120.00 134.50
120.00 134.00
119.50 133.50
119.50 133.00
119.00 132.50
119.00 132.00
119.00 131.50
119.00 131.00
119.00 130.50
119.00 130.00
119.00 129.50
119.50 129.00
119.50 128.50
119.50 128.00
120.00 127.50
120.00 127.00
120.50 126.50
120.50 126.00
121.00 125.50
121.50 125.00
122.00 124.50
122.50 124.00
123.00 123.50
123.50 123.50
124.00 123.00
124.50 123.00
125.00 123.00
125.50 122.50
126.00 122.50
126.50 122.50
127.00 122.50
127.50 122.00
128.00 122.00
128.50 122.00
129.00 122.00
129.50 122.00
130.00 122.00
130.50 122.00
131.00 122.00
131.50 122.50
132.00 122.50
132.50 122.50
133.00 122.50
133.50 123.00
134.00 123.00
134.50 123.50
135.00 124.00
135.50 124.50
136.00 125.00
136.00 125.50
136.50 126.00
136.50 126.50
136.50 127.00
137.00 127.50
137.00 128.00
137.00 128.50
137.00 129.00
137.00 129.50
137.00 130.00
137.00 130.50
137.00 131.00
137.00 131.50
137.00 132.00
136.50 132.50
136.50 133.00
136.50 133.50
136.00 134.00
136.00 134.50
136.00 135.00
135.50 135.50
135.00 136.00
135.00 136.50
134.50 137.00
134.00 137.50
133.50 138.00
133.00 138.50
132.50 138.50
132.00 139.00
131.50 139.50
131.00 139.50
130.50 139.50
130.00 140.00
129.50 140.00
