124.00 106.00
124.50 106.00
125.00 105.50
125.50 105.50
126.00 105.50
126.50 105.00
127.00 105.00
127.50 105.00
128.00 104.50
128.50 104.50
129.00 104.50
129.50 104.50
130.00 104.50
130.50 104.50
131.00 104.50
131.50 104.50
132.00 104.50
132.50 105.00
133.00 105.00
133.50 105.00
134.00 105.00
134.50 105.00
135.00 105.50
135.50 105.50
136.00 105.50
136.50 105.50
137.00 106.00
137.50 106.00
138.00 106.50
138.50 106.50
139.00 107.00
139.50 107.00
140.00 107.50
140.50 107.50
141.00 108.00
141.50 108.00
142.00 108.50
142.50 109.00
143.00 109.00
143.50 109.50
144.00 110.00
144.50 110.50
145.00 111.00
145.50 111.50
146.00 112.00
146.00 112.50
146.50 113.00
147.00 113.50
147.50 114.00
148.00 114.50
148.00 115.00
148.50 115.50
148.50 116.00
149.00 116.50
149.00 117.00
149.00 117.50
149.50 118.00
149.50 118.50
149.50 119.00
149.50 119.50
150.00 120.00
150.00 120.50
150.00 121.00
150.00 121.50
150.00 122.00
150.00 122.50
150.00 123.00
150.00 123.50
150.00 124.00
150.00 124.50
150.00 125.00
150.00 125.50
149.50 126.00
149.50 126.50
149.50 127.00
149.50 127.50
149.00 128.00
149.00 128.50
148.50 129.00
148.50 129.50
148.00 130.00
148.00 130.50
147.50 131.00
147.50 131.50
147.00 132.00
146.50 132.50
146.00 133.00
145.50 133.50
145.00 134.00
144.50 134.50
144.00 134.50
143.50 135.00
143.00 135.00
142.50 135.50
142.00 136.00
141.50 136.00
141.00 136.50
140.50 136.50
140.00 136.50
139.50 137.00
139.00 137.00
138.50 137.00
138.00 137.00
137.50 137.50
137.00 137.50
136.50 137.50
136.00 137.50
135.50 137.50
135.00 137.50
134.50 137.50
134.00 137.50
133.50 137.50
133.00 137.50
132.50 137.50
132.00 137.50
131.50 137.00
131.00 137.00
130.50 137.00
130.00 137.00
129.50 136.50
129.00 136.50
128.50 136.50
128.00 136.00
127.50 136.00
127.00 135.50
126.50 135.50
126.00 135.00
125.50 135.00
125.00 134.50
124.50 134.00
124.00 134.00
123.50 133.50
123.00 133.00
122.50 133.00
122.00 132.50
122.00 132.00
121.50 131.50
121.00 131.00
120.50 130.50
120.00 130.00
119.50 129.50
119.50 129.00
119.00 128.50
118.50 128.00
118.50 127.50
118.00 127.00
118.00 126.50
117.50 126.00
117.50 125.50
117.50 125.00
117.00 124.50
117.00 124.00
117.00 123.50
116.50 123.00
116.50 122.50
116.50 122.00
116.50 121.50
116.50 121.00
116.50 120.50
116.50 120.00
116.50 119.50
116.50 119.00
116.50 118.50
116.50 118.00
116.50 117.50
116.50 117.00
116.50 116.50
116.50 116.00
116.50 115.50
117.00 115.00
117.00 114.50
117.00 114.00
117.50 113.50
117.50 113.00
118.00 112.50
118.00 112.00
118.50 111.50
118.50 111.00
119.00 110.50
119.50 110.00
119.50 109.50
120.00 109.00
120.50 108.50
121.00 108.00
121.50 107.50
122.00 107.00
122.50 107.00
123.00 106.50
123.50 106.50
