122.00 148.50
121.50 148.00
121.50 147.50
121.00 147.00
120.50 146.50
120.50 146.00
120.00 145.50
120.00 145.00
119.50 144.50
119.00 144.00
119.00 143.50
118.50 143.00
118.50 142.50
118.00 142.00
118.00 141.50
117.50 141.00
117.50 140.50
117.50 140.00
117.00 139.50
117.00 139.00
117.00 138.50
116.50 138.00
116.50 137.50
116.50 137.00
116.50 136.50
116.00 136.00
116.00 135.50
116.00 135.00
116.00 134.50
116.00 134.00
116.00 133.50
116.00 133.00
116.00 132.50
116.00 132.00
116.00 131.50
116.00 131.00
116.00 130.50
116.00 130.00
116.00 129.50
116.50 129.00
116.50 128.50
116.50 128.00
116.50 127.50
116.50 127.00
116.50 126.50
116.50 126.00
116.50 125.50
117.00 125.00
117.00 124.50
117.00 124.00
117.00 123.50
117.00 123.00
117.00 122.50
117.00 122.00
117.50 121.50
117.50 121.00
117.50 120.50
118.00 120.00
118.00 119.50
118.50 119.00
118.50 118.50
119.00 118.00
119.00 117.50
119.50 117.00
119.50 116.50
120.00 116.00
120.50 115.50
120.50 115.00
121.00 114.50
121.50 114.00
122.00 113.50
122.50 113.00
123.00 112.50
123.50 112.50
124.00 112.00
124.50 111.50
125.00 111.50
125.50 111.00
126.00 111.00
126.50 110.50
127.00 110.50
127.50 110.50
128.00 110.50
128.50 110.00
129.00 110.00
129.50 110.00
130.00 110.00
130.50 110.00
131.00 110.00
131.50 110.00
132.00 110.00
132.50 110.00
133.00 110.00
133.50 110.00
134.00 110.00
134.50 110.00
135.00 110.00
135.50 110.00
136.00 110.50
136.50 110.50
137.00 110.50
137.50 110.50
138.00 111.00
138.50 111.00
139.00 111.00
139.50 111.50
140.00 111.50
140.50 112.00
141.00 112.00
141.50 112.00
142.00 112.50
142.50 113.00
143.00 113.50
143.50 113.50
144.00 114.00
144.50 114.50
145.00 115.00
145.50 115.50
146.00 116.00
146.50 116.50
147.00 117.00
147.50 117.50
148.00 118.00
148.00 118.50
148.50 119.00
148.50 119.50
148.50 120.00
149.00 120.50
149.00 121.00
149.50 121.50
149.50 122.00
149.50 122.50
150.00 123.00
150.00 123.50
150.00 124.00
150.00 124.50
150.50 125.00
150.50 125.50
150.50 126.00
150.50 126.50
150.50 127.00
150.50 127.50
150.50 128.00
150.50 128.50
150.50 129.00
150.50 129.50
150.50 130.00
150.50 130.50
150.50 131.00
150.50 131.50
150.00 132.00
150.00 132.50
150.00 133.00
150.00 133.50
150.00 134.00
149.50 134.50
149.50 135.00
149.00 135.50
149.00 136.00
149.00 136.50
148.50 137.00
148.50 137.50
148.50 138.00
148.00 138.50
147.50 139.00
147.50 139.50
147.00 140.00
146.50 140.50
146.50 141.00
146.00 141.50
145.50 142.00
145.00 142.50
145.00 143.00
144.50 143.50
144.00 143.50
143.50 144.00
143.00 144.50
142.50 145.00
142.00 145.50
141.50 145.50
141.00 146.00
140.50 146.50
140.00 147.00
139.50 147.00
139.00 147.00
138.50 147.50
138.00 147.50
137.50 148.00
137.00 148.00
136.50 148.50
136.00 148.50
135.50 148.50
135.00 149.00
134.50 149.00
134.00 149.00
133.50 149.00
133.00 149.50
132.50 149.50
132.00 149.50
131.50 149.50
131.00 150.00
130.50 150.00
130.00 150.00
129.50 150.00
129.00 150.00
128.50 150.00
128.00 150.00
127.50 150.00
127.00 150.00
126.50 150.00
126.00 150.00
125.50 149.50
125.00 149.50
124.50 149.50
124.00 149.50
123.50 149.00
123.00 149.00
122.50 149.00
