139.00 159.00
138.50 159.00
138.00 159.00
137.50 159.00
137.00 159.00
136.50 159.50
136.00 159.50
135.50 159.50
135.00 159.50
134.50 159.50
134.00 159.50
133.50 159.50
133.00 159.50
132.50 159.50
132.00 159.50
131.50 159.50
131.00 159.50
130.50 159.50
130.00 159.50
129.50 159.50
129.00 159.50
128.50 159.00
128.00 159.00
127.50 159.00
127.00 159.00
126.50 159.00
126.00 158.50
125.50 158.50
125.00 158.00
124.50 158.00
124.00 157.50
123.50 157.50
123.00 157.00
122.50 157.00
122.00 156.50
121.50 156.00
121.00 156.00
120.50 155.50
120.00 155.00
119.50 154.50
119.00 154.50
118.50 154.00
118.00 153.50
117.50 153.00
117.00 153.00
116.50 152.50
116.00 152.00
115.50 151.50
115.00 151.00
115.00 150.50
114.50 150.00
114.50 149.50
114.00 149.00
114.00 148.50
113.50 148.00
113.50 147.50
113.50 147.00
113.50 146.50
113.00 146.00
113.00 145.50
113.00 145.00
113.00 144.50
112.50 144.00
112.50 143.50
112.50 143.00
112.50 142.50
112.50 142.00
112.00 141.50
112.00 141.00
112.00 140.50
111.50 140.00
111.50 139.50
111.50 139.00
111.50 138.50
111.00 138.00
111.00 137.50
111.00 137.00
111.00 136.50
111.00 136.00
111.00 135.50
111.00 135.00
111.00 134.50
111.50 134.00
111.50 133.50
112.00 133.00
112.00 132.50
112.50 132.00
113.00 131.50
113.50 131.00
114.00 130.50
114.50 130.00
115.00 129.50
115.50 129.00
116.00 129.00
116.50 128.50
117.00 128.00
117.50 128.00
118.00 128.00
118.50 127.50
119.00 127.50
119.50 127.00
120.00 127.00
120.50 127.00
121.00 126.50
121.50 126.50
122.00 126.50
122.50 126.50
123.00 126.50
123.50 126.50
124.00 126.50
124.50 126.50
125.00 126.50
125.50 126.50
126.00 126.50
126.50 126.50
127.00 126.50
127.50 127.00
128.00 127.00
128.50 127.00
129.00 127.00
129.50 127.00
130.00 127.00
130.50 127.50
131.00 127.50
131.50 127.50
132.00 127.50
132.50 128.00
133.00 128.00
133.50 128.00
134.00 128.00
134.50 128.50
135.00 128.50
135.50 129.00
136.00 129.00
136.50 129.50
137.00 130.00
137.50 130.50
138.00 131.00
138.50 131.50
139.00 132.00
139.50 132.50
140.00 133.00
140.50 133.50
141.00 134.00
141.50 134.50
142.00 135.00
142.50 135.50
143.00 136.00
143.00 136.50
143.00 137.00
143.50 137.50
144.00 138.00
144.50 138.50
144.50 139.00
144.50 139.50
145.00 140.00
145.50 140.50
145.50 141.00
145.50 141.50
146.00 142.00
146.00 142.50
146.50 143.00
146.50 143.50
146.50 144.00
146.50 144.50
146.50 145.00
146.50 145.50
147.00 146.00
147.00 146.50
147.00 147.00
146.50 147.50
146.50 148.00
146.50 148.50
146.50 149.00
146.50 149.50
146.00 150.00
146.00 150.50
145.50 151.00
145.50 151.50
145.00 152.00
145.00 152.50
144.50 153.00
144.00 153.50
144.00 154.00
143.50 154.50
143.50 155.00
143.50 155.50
143.00 156.00
142.50 156.50
142.00 157.00
141.50 157.50
141.00 158.00
140.50 158.50
140.00 158.50
139.50 158.50
