112.00 110.00
112.00 109.50
112.00 109.00
112.00 108.50
112.00 108.00
112.00 107.50
112.00 107.00
112.00 106.50
112.50 106.00
112.50 105.50
112.50 105.00
113.00 104.50
113.00 104.00
113.50 103.50
113.50 103.00
114.00 102.50
114.50 102.00
114.50 101.50
115.00 101.00
115.50 100.50
116.00 100.00
116.50 99.50
117.00 99.00
117.50 98.50
118.00 98.00
118.50 97.50
119.00 97.00
119.50 96.50
120.00 96.00
120.50 95.50
121.00 95.00
121.50 95.00
122.00 94.50
122.50 94.00
123.00 94.00
123.50 93.50
124.00 93.50
124.50 93.00
125.00 93.00
125.50 93.00
126.00 93.00
126.50 93.00
127.00 93.00
127.50 93.00
128.00 93.50
128.50 93.50
129.00 94.00
129.50 94.00
130.00 94.50
130.50 94.50
131.00 95.00
131.50 95.50
132.00 95.50
132.50 96.00
133.00 96.00
133.50 96.50
134.00 97.00
134.50 97.00
135.00 97.50
135.50 98.00
136.00 98.00
136.50 98.50
137.00 99.00
137.50 99.50
138.00 100.00
138.50 100.50
139.00 101.00
139.00 101.50
139.00 102.00
139.50 102.50
139.50 103.00
139.50 103.50
139.50 104.00
139.50 104.50
139.50 105.00
139.50 105.50
139.50 106.00
139.50 106.50
139.50 107.00
139.50 107.50
139.50 108.00
139.50 108.50
139.00 109.00
139.00 109.50
139.00 110.00
139.00 110.50
139.00 111.00
138.50 111.50
138.50 112.00
138.50 112.50
138.50 113.00
138.50 113.50
138.50 114.00
138.00 114.50
138.00 115.00
138.00 115.50
137.50 116.00
137.50 116.50
137.00 117.00
137.00 117.50
136.50 118.00
136.00 118.50
135.50 119.00
135.00 119.00
134.50 119.50
134.00 119.50
133.50 120.00
133.00 120.00
132.50 120.00
132.00 120.00
131.50 120.50
131.00 120.50
130.50 120.50
130.00 120.50
129.50 120.50
129.00 120.50
128.50 120.50
128.00 120.50
127.50 120.50
127.00 120.50
126.50 120.50
126.00 120.00
125.50 120.00
125.00 120.00
124.50 120.00
124.00 119.50
123.50 119.50
123.00 119.50
122.50 119.50
122.00 119.00
121.50 119.00
121.00 118.50
120.50 118.50
120.00 118.00
119.50 118.00
119.00 117.50
118.50 117.50
118.00 117.00
117.50 116.50
117.00 116.50
116.50 116.00
116.00 115.50
115.50 115.00
115.00 114.50
114.50 114.00
114.00 113.50
113.50 113.00
113.00 112.50
113.00 112.00
112.50 111.50
112.50 111.00
112.00 110.50
